122.60286663404933
112.34457832463303
53.19877530514803
46.806913323081936
33.74960714366756
80.60263846577011
25.812862081411243
84.88603914338748
77.96221046688213
56.54561328524543
97.68351009853409
62.13640650512663
34.231630472800475
73.14979782868731
30.871696554020033
38.990670659422136
67.2266616789462
4.1891939453141696
28.302534373913577
37.3849597966109
84.88603914338748
19.341082945492257
30.923912166069933
54.02544691791244
19.32767289967862
49.166465714882854
63.38189668531446
30.651832222343305
45.76851186048427
35.11825491374677
9.393525346543814
53.36674010536439
61.98547324937011
61.98547324937011
29.051041056669487
38.01787367154454
27.09396661223741
27.404081192713175
58.57549466683886
6.9763877427027685
12.51808880636688
13.367222232042325
52.28724068821463
29.7879894666235
37.79707741981031
50.360067626954404
4.875662201436676
28.564873941013506
26.599928882567376
51.26531339219857
78.48495996083534
40.50035277654245
6.235774846785178
27.015951921083033
30.361905835713753
71.20625292793993
37.37209673866542
36.55955962845614
13.958175746647129
60.15176870712171
74.54001235023968
4.1891939453141696
4.875662201436676
2.566495166117375
24.93626924841515
17.908219164693755
78.75783607737505
19.429240877985666
20.616152077213812
24.363214245759433
10.242790525840798
24.849498637909175
54.02544691791244
33.09868355325045
57.005518949506445
7.005738492287008
16.664688012036432
6.178575894537007
7.411210333799774
7.96760907261301
6.077922147650477
5.972300446242983
13.828566375338283
6.956066912299083
111.63365676059036
4.6331811232830855
4.987025143002646
32.15315217258921
40.569133179455996
31.769200717408427
19.093448250627556
78.48495996083534
11.292747176970021
8.588726811494606
4.032488607316074
22.624575701081902
17.73014741813661
35.5400511319468
9.582332292348651
22.01287056676927
6.235774846785178
3.8594115979483883
15.282640560353926
8.134250879350326
18.57546802349009
10.628206717509947
15.129416485053492
12.502533923073397
16.68848606335483
14.618884924614903
13.633098824374265
30.519752094830057
38.37933230216124
41.15331504073398
91.92104241294942
32.019330197570774
11.116572561671124
41.78940343269052
37.39861723895724
56.54561328524543
51.44134535410182
11.512152227298847
25.508097116495776
28.68919255609513
7.444452830229119
34.91302367614506
35.64260550689044
25.341974437897505
45.63292143882026
24.208781213249974
18.348757187755677
19.13996747959527
34.92220729754417
19.770062159545354
42.84973148974962
20.2264547705487
24.868148611282106
7.704480700767725
9.84998859036462
35.64260550689044
33.35067671690799
11.690106642609496
33.048182613696554
37.39861723895724
18.948706792944307
16.473974257057193
11.398902401947344
13.650044411988047
8.189000978900147
7.706687636567585
4.717008926131324
22.474927229662946
13.301466938963088
7.444452830229119
5.1227862592449345
15.758954488764257
36.26864033365588
22.881256943327376
13.239940133461333
68.5172091681406
17.1988439826655
14.695818855373805
14.060187006821184
14.166415754850291
15.120638643550782
15.586711434463423
19.277820924303253
18.59218039587483
19.103377622464382
14.863840281008772
30.4526274462425
19.52984015464445
23.07093407289915
14.517742839962084
14.520369912157404
13.633009093327814
14.484499731158524
16.5153440379478
15.05212090336432
19.74383358004986
25.473160579904555
30.59839862603468
23.7866869399354
6.593814337992397
6.4851520047751645
8.205421444539313
7.2421660540622
8.35797289413333
9.850310252519087
19.32767289967862
12.680911417926868
4.317469794584813
18.580451685622442
2.6416439258932423
6.205498482128992
2.6182330645763066
4.604783246448538
4.709203102920787
4.768309810380044
5.942592544989855
4.079298061750623
5.92819788088039
15.528996859681767
12.680911417926868
15.745076962790458
10.836175819263525
8.117315203643015
13.217058463702466
14.257519405682508
55.33888468121469
14.259616840741032
15.352357471223225
18.32290862001315
16.001452613758154
28.493975094001076
14.251321873667576
16.349887763469923
58.51135339664754
16.56108008983185
18.172046521991025
15.130597617167087
25.158567488247026
14.810077454902755
16.356143133076046
16.86018311836616
16.88913859949072
16.758266860900484
15.467226590089883
18.82771203557815
13.333615584664082
14.024667890365116
16.12639857710348
16.299455848749734
14.824547940014758
14.552821408976467
15.831885740398961
28.063744229000594
15.462022848985287
16.55045201199802
13.94166664958817
16.564374966621667
97.68351009853409
27.376000120542347
41.84845140480996
11.232111623347235
17.027080318044487
37.39861723895724
25.473160579904555
20.4578424729376
33.63360602304209
41.156961388953256
35.65691171386465
22.07797319765551
27.791532920941677
34.54879310671149
45.17350167167365
91.9587974413592
131.67960838002958
21.971773938905862
28.564873941013506
30.115179247793225
56.090319076191314
21.87154961091936
30.43793711500919
10.178358387043263
9.421806692082857
10.108062325290124
10.324025846815466
10.655629517833871
12.446004442098765
12.086383609904184
14.890420401752563
14.877853700513317
17.60770680846985
17.482460047200842
16.391014489778954
16.833513030133208
15.815475023165208
16.926517599441926
16.071871333344124
16.002410449223145
16.621423001883404
17.717929331352995
16.17983489270467
16.75249726686562
17.580196210377792
16.92932118322156
16.490926490648643
15.827875763974221
14.224346151996658
16.15515300388838
15.63437896095255
14.398576790953474
15.179142441833482
15.990178041111138
16.4906510585263
16.084992360855317
15.763030757345787
14.303699668690161
18.308789418989935
16.056372766705298
16.451783899243747
16.79473207990966
14.592592594811897
13.816245242703415
15.014045626275761
15.166382533055524
15.724660136921674
14.60301296897798
17.045701054448593
15.667635309059351
15.732704751336495
14.153495137420698
14.172350181646456
15.000795350144658
14.024556471782692
14.1855979813426
13.733345238666391
12.646575592501257
14.415151971278302
15.131460564195702
17.587625120366457
16.48011107822839
16.66326280318276
17.796569697687872
15.289729887233477
19.877565101060004
20.6107060500592
19.96794554692514
21.730293373968664
21.903337025863973
26.303599128658927
19.368355675337018
22.928197228720656
18.82377476734078
17.11705820611101
19.44572765520296
20.687100168539875
20.468481207529884
19.23005328414677
19.0409351554439
20.4578424729376
22.13155682758481
25.08444058445275
29.96759827420303
16.39558425842293
30.43793711500919
16.257566531289402
73.14979782868731
24.66084118075861
13.83232842900992
11.813937987099079
11.944620456048138
8.936065910766835
18.211961067506202
36.25753428622463
18.570627534552585
19.65459230706279
24.308035744216493
46.017335327679376
13.367222232042325
14.733008825911202
77.5749242329722
40.50035277654245
11.395863538907303
122.60286663404933
13.75080410174604
43.124946902601195
41.488373532985925
11.14180447691527
11.307136491199929
7.976494836126558
7.413192857828453
27.961096422935952
12.365834874890808
30.825476917221376
13.28362849017187
10.396543676513106
12.124580447857447
5.030112159370903
21.423682181142187
3.388642905554961
19.291761301335473
13.232610902881289
20.584336562313847
13.093035330548041
74.69403708856467
34.605408085359954
37.76487991951476
21.916344921118927
20.740887850906965
17.86533910333641
30.923912166069933
35.605128305452745
25.656853624622418
17.211240668653456
5.605699030054791
29.93976662426511
16.93367744586946
33.968891764755526
18.204369022951585
15.476838877934876
15.322104174046762
19.758307907202408
18.065063606686365
32.041375614216825
17.33322746677274
37.50859877809023
23.178801268492936
17.27676270657844
29.584932106702134
14.496794157395161
17.95463771613987
5.235159278701245
10.41455965344594
32.757387262017666
26.63705081225105
19.876917894261997
14.004661025947556
26.36177114994127
24.835419465171217
17.78695463165005
12.349684689363118
11.785124789930133
15.852963290514188
17.176310131804147
11.381978482677113
53.901974948387526
21.720764398433506
13.60651922019221
15.994863715492185
13.456127913768873
10.486374004219003
22.84965245307694
11.448405484790614
27.557158128262095
13.259623150671011
11.76504500106493
13.621977093505505
14.584814065182828
9.789487057598006
17.114410020985396
19.516654802794502
33.60739491588501
51.71749275170739
16.250114675009645
12.50768288475969
64.9515947320859
14.888300115292925
8.726448396350369
34.231630472800475
9.350443368320088
10.449053498293642
12.50703667802866
20.677467835579428
19.228086692333907
17.187871715220545
25.626614240456064
36.36483431632242
23.226265188166956
36.18355890177323
30.22432547843118
27.2121187133203
17.211240668653456
28.54479358192778
45.620003402091434
42.694340848833605
35.65347189231312
20.064204310348373
18.29330033155736
84.88603914338748
84.88603914338748
33.055350319460224
84.88603914338748
12.22369758811312
56.54561328524543
36.93724114097511
8.638672449656282
30.923912166069933
29.83867462587513
6.736386737794157
74.03517539749271
11.249537982329407
13.085524410370905
10.26604668704171
12.605383968479837
15.090047206712299
28.493975094001076
30.549341013976328
7.619870448334583
37.23506908118948
22.89639319736538
8.622314008706303
27.80492302368322
23.87026891905617
8.656158100825003
11.759951611941394
21.696876219238497
2.5649289914113886
15.276817185190781
10.26604668704171
10.617116277308778
13.429244529076543
23.41670668533962
24.83059930895851
52.47206080304548
20.3044740169064
22.711830018572247
43.21423086194973
60.856504770793485
35.05971484679568
50.16496262903726
11.682069491390939
14.602438369661042
14.67086350959292
14.198026563312276
48.943654876785544
43.19576324825749
53.152718931364554
47.63605826189992
16.14189103207824
20.3044740169064
22.711830018572247
11.988025012500888
6.232773054485941
3.5636431416478813
7.065043655021423
3.008457937734593
2.6250314498786547
12.97989301984486
14.162879537378632
5.473457267491495
2.540342685044695
9.265521575821625
15.528996859681767
16.272173801524225
20.740887850906965
8.572597718141393
3.0942752776717977
17.495834251765817
3.0737830425296657
3.581210998326758
3.458016715076862
3.029247255778378
6.620430101512776
2.648831796542503
15.560148312267865
17.291426223673913
2.5649289914113886
6.128291257030024
2.6182330645763066
4.768309810380044
4.40987551353692
11.635427118257214
20.740887850906965
3.532930785147591
3.1144918152940186
3.081152131900442
3.036724420162709
5.935616002206694
2.657379565238337
13.23914909846013
14.51686223988101
5.489044588992672
9.850310252519087
5.337512367163871
4.321025566425667
6.971815445640709
11.676579604116233
15.745076962790458
12.580328169763408
20.740887850906965
3.5393440352719714
3.1217648109531155
6.606235214388297
2.680892748184613
15.050635670301551
18.441882232373192
4.317469794584813
2.6416439258932423
3.8692612172226184
7.436491705662052
14.755602436926365
12.504350422261892
13.083467170405388
20.740887850906965
3.1978771396004553
3.1550934921293687
6.299332277321386
2.7918785600041502
14.85783500348952
16.829522900539928
9.789145427707986
14.527621250512084
20.740887850906965
4.557437607229316
34.605408085359954
36.36483431632242
26.57009358165361
9.124872332576198
12.832386753210791
21.78996691217153
44.588181864946485
24.47882577235171
33.144243376282446
14.600329226678513
16.77561759107179
17.3325466099233
78.96283602591599
24.1362769358014
63.25432914807521
24.87773542377337
13.964335644925463
18.924967001381933
17.63147430663706
20.981619688498736
17.963229447799648
21.014185716500762
20.088341379199083
17.098461115809627
17.707895435954143
14.774166282297978
18.572274080658424
19.104100079623358
8.546314117222915
7.5497533161986485
21.114616323645745
8.943781390007887
7.497431600912344
7.359802516094349
7.088805120528131
8.653777455914069
6.967243876106094
4.968762876014913
12.141993346687944
16.169673151839103
10.698465947308005
12.100686097297713
16.949197102801207
15.945872111654936
20.727925463471305
18.991514462991386
8.174592447423338
10.060333630373675
22.920330919506206
12.33601870337898
17.442556665563178
11.609243004931182
15.32589619392728
14.953513449870247
15.548176583649647
16.86983117678959
20.848285667631902
22.50487815276812
22.99244973860798
25.07757592683881
29.852730029337778
12.38029545713333
17.02336492375102
11.634256051872416
35.93016929427196
20.28511410473427
26.745805827471237
22.47062165502152
25.689188649324244
16.77561759107179
27.71231738109802
19.901269122385347
25.433856408369316
13.228235028197492
16.222052245938563
22.13155682758481
19.4467419661211
27.543697296796008
17.057069965743896
6.358197158045068
7.544349479246317
7.475448013221431
26.567857012699445
21.894068472097285
29.96759827420303
11.288812220738752
13.826770437095357
13.429488773081218
6.535768200058237
15.81720591783096
11.881080359497785
8.866199122606085
10.246578078098144
19.75657969057202
21.548539137012746
7.529545631347238
5.24132656600903
32.83257923156256
5.0658678849134
5.80245184663425
7.730323857384893
5.9542609615977025
6.3305340326982185
10.536009982381833
9.273552060239169
7.067502680495057
11.369815161753467
7.479530594673744
8.224834015193602
10.110277792582897
8.447398755124086
5.553695413797386
10.16326563965248
9.321572330450579
8.557390437417899
7.285296418084075
10.110277792582897
7.293024918898005
7.9525988484218875
5.89803012368884
6.060256863554988
6.427692377004107
6.363523113174723
7.2371338101857035
6.946733080472939
7.214008337232973
8.531182507266653
7.563473869737766
7.203157822430199
7.7397600671631
11.630210473021709
6.732687458940945
9.518319167368572
16.946294783716983
6.725304271181037
8.622080445841021
4.61295310726727
8.696738291601866
7.459331722419701
8.878047738018052
7.059343086276895
6.859073265500861
13.554277779059696
17.677271415350077
10.594936811855035
5.797676057046613
6.287894497070252
5.360740807605771
6.744738956615283
6.759614707835666
8.473287111331944
7.263216598310966
5.214869327830664
5.223219669776923
6.698560865910363
6.9344666331336775
30.517141818704395
21.548539137012746
24.598599247666606
16.97781897740696
16.259401667120173
9.150421544683542
33.144243376282446
9.851443612420269
14.714055655656882
10.84039261430683
7.08506362775042
14.869025980584727
10.534310608270387
6.943165291260778
6.313309783317999
6.656915170962033
15.21510238215405
22.37219828615265
11.032793506381575
9.941658586380644
8.82862584328874
25.681391042966784
10.378470412804539
7.2970274945828395
8.944814997520162
12.080435158932044
17.573457780313305
6.8835034412576315
58.52375777515263
61.51091233264908
77.96221046688213
38.1395371934498
16.043372116597116
29.83867462587513
22.80532534158522
78.48495996083534
34.231630472800475
28.538580367803977
21.060553128171136
15.582149635708344
9.75013241944325
22.55402107090784
42.611484681955844
47.63543039768473
112.34457832463303
46.806913323081936
56.54561328524543
18.504424077965393
19.228086692333907
16.514064189421823
37.79707741981031
33.144243376282446
8.756073944197993
8.557390437417899
13.517699863364117
11.563407808567588
9.771655654765118
7.285296418084075
8.473287111331944
26.207577495289595
8.447398755124086
11.369815161753467
26.61228866782973
20.84554780226126
21.371313242568032
9.754369522893628
10.016867640753492
8.59638520580306
5.7510036049100295
5.348677349071852
8.60551395613579
11.661789288209583
9.551584228118118
5.900260101134725
6.871461986737242
5.710462677435199
8.123870463867563
29.557031078730272
5.876779244029134
19.581376877081368
5.734787616078226
20.35505654505177
7.447682270387845
8.6284544596371
8.033529919995773
8.952927969335336
8.847375464382202
16.37079599633304
14.503414133497047
9.436586739190085
4.929999576767482
11.625533764485935
5.955688581359814
6.4737806581169695
6.347952853719641
6.720210103900858
7.997746179469878
23.17965357339894
8.91798838814612
5.893585161794838
29.8714086757175
4.458317946003325
5.870728587749301
15.630232831885275
6.875888197015529
6.2036105691404355
21.88044508183601
7.872155258939885
8.396574315717885
7.993803704433627
7.282916900077985
23.42000496427043
28.647010586502642
18.456159916233762
3.492364878578222
13.525262965035626
4.18913091513169
11.733917133485553
16.7423843635813
5.929471513635077
16.257566531289402
18.91669278450368
32.15311085590509
21.631547839018502
89.84353860013425
17.21053916635326
6.277688410392879
6.209826280924339
8.020165010600191
7.541934712971657
8.725533292716023
9.788003861830719
8.215986681159325
7.0822427764469555
6.437728338814424
3.4140280541592762
5.144063487986055
6.102769290584238
9.144591048044669
3.9977243618260596
6.949411906807428
5.35303144091921
4.944019683806617
5.770100514901619
6.237885314863926
6.32973293384308
6.33107415206169
7.799238070065712
15.802161674564413
13.078032890478093
12.731068734510165
6.3727486241487465
6.1500305571322675
5.644018333705375
6.836794545453346
6.8691950567593665
5.198652118885742
11.010133164162644
6.050560661081082
7.560616926132407
9.597536689209349
9.22335185480358
8.102530471245665
10.23496309423784
12.354299170153958
10.124122571621603
8.534982150559106
8.8371476796038
12.519023493439327
9.738560480032326
7.392203670896624
7.278764085824252
7.191227334113043
9.077238548962887
9.015288593700996
5.792603689010997
11.311282654980033
9.68359682680871
7.863602289720855
10.281451698969944
11.146418389584687
9.622901225761346
9.159854328766166
7.443981415762535
11.381332818414991
12.425183980210173
6.801500818322599
12.591660496015338
12.76130960505295
12.280098384458906
6.141985960340652
59.6698304085281
6.902428418637732
11.239207129089424
11.624272575291123
10.077283551593649
11.089734247844575
11.168920971175286
13.266489756304477
10.581136170668714
13.275238429717216
9.58605482828035
10.718717416501562
9.822420417041174
10.202177553310353
10.857287466112382
11.073580040968258
10.553280565811606
11.957170060597248
15.812956706489175
16.632383046353667
19.734011143025434
33.45385812476606
15.743749207631145
14.502517785257599
14.870543744463934
10.94392128897873
10.492040841920769
12.752489295358284
10.698786972758258
11.55978471967235
12.622075378432863
18.580451685622442
63.38189668531446
50.360067626954404
9.037914442202279
8.949212677181816
10.628206717509947
20.616152077213812
13.768541755300134
10.180109625058888
78.48495996083534
6.82005921984947
7.408902896126641
20.611160248804115
7.079538587474519
80.60263846577011
10.655629517833871
11.86823665779512
16.397105322275948
15.997243363870304
18.340597821487417
14.241656747360393
15.7305672902721
63.43480123373601
2.8258751483881133
40.569133179455996
26.599928882567376
22.881256943327376
63.43480123373601
56.54561328524543
8.55886722889222
17.136250601704766
16.401624209741744
8.640142385139164
15.997243363870304
12.315924301454277
11.946346291848092
9.840369163643627
10.290769755962687
18.526879107288757
11.956811075998992
9.846013556448863
36.979346374412565
16.874200202309908
26.57009358165361
16.082286399830064
29.051041056669487
15.696827318967527
17.187871715220545
17.71034813839928
17.2447464689839
30.22432547843118
154.0433912127953
17.71034813839928
2.566495166117375
10.470334686639717
21.91212919880794
23.773569195232024
164.7812426120221
164.7812426120221
34.4324222344912
44.606364339067646
55.05293814357393
55.11264539106974
9.117011700870647
30.248602453647177
30.441269707106137
48.35762058824637
46.85427169666741
78.48979757363732
38.13678748365717
50.680113814745184
23.910911431538416
29.51390461231966
60.15176870712171
60.15176870712171
60.15176870712171
60.15176870712171
60.15176870712171
60.15176870712171
60.15176870712171
60.15176870712171
60.15176870712171
60.15176870712171
112.34457832463303
84.88603914338748
17.176310131804147
6.983963897204003
53.19877530514803
30.923912166069933
4.1891939453141696
122.60286663404933
49.43493321878972
21.418501637611488
17.895741415035396
29.798007103287976
6.4022570012662765
6.1561258792698705
21.060553128171136
47.63543039768473
122.60286663404933
20.732013416551652
16.32554262080467
62.8321500636716
97.05121925962092
16.229168368236152
20.832519369770996
18.41272701630507
13.239940133461333
20.832519369770996
33.44098321437246
17.869170302816276
16.91251056268687
13.707310593561848
14.77185302537458
11.05875274906411
15.188722817415274
13.340039128506506
16.743834426591256
10.196627336700224
54.28239299938946
44.95392246511789
14.878490819101213
14.529219456113177
20.560258861565366
20.515623337896653
12.857748968759909
6.614412963422844
50.0770639923484
6.703597573937986
9.53186477886993
11.567814343698918
32.05198017739361
14.535876528543676
36.16968962431744
11.466833780273188
13.276213336355147
15.885636868031112
7.449215132513432
17.37488209862867
11.554869385712438
24.1329168442178
11.985311237469334
13.156509932496144
41.98203750857124
11.438604319409047
14.946206848517315
10.20956473355155
10.86927059096916
41.029156048726364
11.22162615979226
5.017181587730354
4.401695302481964
4.848173788862561
5.620155143821399
4.561213036062907
4.15373167300266
4.228360011049101
4.562124648456446
4.646146084955487
4.095636107346117
4.531054167200436
5.557996983676526
4.549783267383414
4.346701615520212
4.533934699377712
4.545990702827552
5.010285092382217
6.017474608965435
4.725115615087652
4.880168990479984
4.9646956103236075
4.057033249078735
4.4484569857817275
6.870674888576411
5.838564691278767
7.845397762602273
8.295701683432338
18.879259531894043
24.75555556441026
27.725303145575676
9.703462065613417
11.40498383364001
7.772101411641377
10.411015913207555
8.167851184909178
7.059575684280974
6.39659169710013
5.356606248928256
9.500713505553547
8.555452003101477
8.2586940328418
3.9312826139390937
6.82626024051828
5.493025146174086
4.937543334162489
9.05574118589152
10.078337291620985
6.947035811578552
5.739130193388339
7.199193052021773
6.18553313532294
5.569446360780784
7.201384997415058
6.55672226940055
9.421429477446827
8.799791471208058
9.928442951547087
10.192633545025146
8.13474855521999
4.308670876152916
5.43307116217348
5.262022949782026
4.745474890287961
4.320080155935974
6.1020259495079285
9.698798533712726
6.302507595060136
8.104724451263433
13.904625382051604
4.4315652293876155
58.50022057859
8.622314008706303
0.0
16.934184201101118
6.188378178350207
20.53845891819093
6.63146436173047
7.036517015550873
36.16968962431744
5.416946089981224
24.00988082246436
7.543198610529017
15.939614448107221
15.9225312397366
10.501796558183077
16.070447408027537
35.5382948271189
22.809441623665542
17.120906477038208
15.234786092814332
17.824516176242437
11.710867694878733
18.63298715278799
5.545624417736001
3.918771407078577
11.641738459111732
11.733917133485553
19.060852529290255
33.968891764755526
2.897805819500693
15.66919883855788
47.72674656078163
61.98547324937011
43.18662831671879
13.963750867613053
11.801117806101603
9.172932743095705
15.188923413346972
38.312108218725584
14.625769130018336
2.9298045240597492
4.917225204561201
3.914817607705731
2.9379401524413686
23.751597368737578
4.1267328069327665
11.012714845987075
27.063565176922186
4.834456840059324
25.490744615870273
5.416683592341571
23.67585601417275
37.91156756515313
21.494007708026903
22.93001591130898
20.623250783927865
11.263315874883178
8.638572029873165
84.56956529154073
29.00672718915081
31.067997379618873
46.26362378002929
7.99701787535929
4.65032574021649
9.024264809232779
5.737434825260504
8.270225904805379
5.5433161888910485
4.937543334162489
7.8740526297311435
14.786754450066015
9.689791614487698
9.354061261039744
10.051286186895023
11.372267191762068
34.513981684617846
20.163673071159216
38.83663944827896
14.05817938247567
4.881236246999366
13.356536434951042
11.801117806101603
9.220767101255655
53.861852319665715
25.76811299377212
12.699697876006148
29.443575322081134
7.967385870001184
1.8531061672766411
7.28249773125707
19.903644593719758
77.96221046688213
18.948706792944307
6.346267035330145
23.87026891905617
15.70313296552439
16.473974257057193
6.235774846785178
8.169949494121733
7.5786837137888075
7.4393618864268145
7.581527712834156
8.050403278287867
7.083130424914459
9.604005088829974
10.498826822906501
9.631038884849701
9.449481646636354
8.534923468143194
135.16055869249809
7.850499193805791
7.355874910843292
8.52681240695626
7.109765442179807
10.950581606163125
7.203180898048949
11.870993090450165
9.942648716097521
6.940294639002397
49.166465714882854
35.94856389297756
14.503414133497047
27.015951921083033
19.866961722784797
97.68351009853409
54.70902464151748
6.473504132462139
22.529352263287038
9.789655619857154
13.352354120461245
20.97557238216403
17.36084721990409
25.629870312353148
12.208765515740414
23.401359888964755
12.351253773083915
25.04174524050514
14.91169270002791
13.224611169032702
6.658144843699888
16.58192832815143
8.616687462209981
11.512029020750774
12.680005937215954
44.75223221730847
35.94856389297756
24.6169823975328
5.043987511449929
5.061677740046579
5.096470956849847
5.080171473971027
14.689088473130562
30.8240105136086
38.07080450035386
20.680070432589467
20.932001113105994
16.210224972546953
53.81469621989066
5.337512367163871
7.077095770342168
7.262752641973519
9.22335185480358
23.31136513229991
20.933990359975727
18.51404730564164
11.415962157666767
35.9707302918336
13.229039713966463
83.54121426702866
32.15315217258921
20.6107060500592
16.48011107822839
12.800847082210428
22.73299429173247
36.276731637309844
43.65774498699916
11.901375057514628
15.203163270406392
56.730911350748265
32.64953059787372
42.47986376568084
29.76918777427
10.625001706943651
57.4669532008114
12.307307252060227
7.81481182673145
7.528241136669811
63.555398988287386
82.84127508342296
29.35838281819645
11.0703152892104
15.999972925434614
12.729684391768668
21.64430399221922
26.91309611009356
17.280906299412997
7.338829483166958
10.962632938589612
21.645254460184674
19.156063503148218
6.97553377942472
19.466826308431088
9.155623001517007
21.375089149492727
9.313995169391058
13.179226181320812
11.820888323682935
9.602601267074625
23.331123309422537
14.461641895456127
25.231452142802777
9.173106441380094
6.437572994973374
17.541297592097962
9.024264809232779
50.787971387683996
12.528119876616833
13.158177372517276
16.77561759107179
4.6920897023890396
64.9783909569956
4.085057507792136
9.669572208733458
13.274517100938187
10.71788419049187
15.67538355411699
11.065248124986189
10.542438815718874
16.409859435565956
15.350376048311743
15.611167246347742
15.857113838505983
10.905688213513994
13.865729425768073
14.475295151960228
14.783802590416432
14.282990994172666
14.257063138295642
13.024353840003688
14.61950991723879
14.56990586548712
15.048694176006352
14.287573234046658
15.559135377187028
15.102007901086685
14.965973028534165
16.505539135810576
13.78144750550375
21.117832863920892
22.757862701055448
11.020130220714512
10.712173653086538
8.758857432929709
9.247884036080205
9.311901802194958
9.110980654937059
9.53569777338779
9.301254189685633
9.625068678816163
16.5109017862487
4.709069787053088
7.576739831461571
11.458974942991087
6.095717168856975
10.130859796600548
14.382198223529612
10.846748900979673
6.3146548180329525
8.36659601347806
12.333386534481889
6.6495615840129725
7.698127954199375
11.481163875850871
8.432290867488623
8.214834916525426
12.182347253778973
7.125014407744137
10.86563137408792
6.067376755375365
9.519797175826628
7.07008193723895
7.08047689532529
7.083229416312633
6.258259316669764
7.686914444223636
21.79929597950116
67.07648436001868
7.691773046018399
11.833345565363574
13.970232141964289
17.665652673577622
16.66326280318276
17.796569697687872
22.619970929379164
97.68351009853409
13.411506786696574
13.270466306883964
8.011517732154282
18.41272701630507
6.982845612216393
7.298399598586855
9.603558040428934
7.429154364025037
7.482559496434737
9.927547478044804
7.434119759115712
7.45656660261611
15.887872235270523
7.856769688164944
7.97385329424919
8.502613558934609
10.552965370052576
10.504962679995554
46.017335327679376
40.73373647976225
21.890669976496593
18.303863540525995
21.525839543199748
39.42637183370278
32.27628347840413
11.766741170964773
14.746150727516559
17.26950905209633
13.656620823578683
29.69188975836553
11.042570572451096
17.09313504803948
5.713936686395957
26.2595317603427
20.375611370671994
11.739716162504955
31.831741870022366
14.568766809705629
21.247975561476153
27.033175686450292
14.768952449804717
20.638992286093682
22.012775044342547
16.149034766259934
23.342106121484086
24.10962739647324
20.467936843575174
12.944336485799806
11.67907511739895
77.5749242329722
6.765340144970771
21.92571390736168
21.071542459014612
21.77289727347913
8.237552314551852
6.868954466105694
16.91251056268687
21.239488297307446
3.3675837958467745
3.99363340716425
4.042805568189691
4.695857119955442
7.72800809695253
8.722880789983181
3.911408035306029
5.7086082076967495
15.878237684922691
7.823019099585664
3.3861689850880627
4.009317593349383
4.058299722261544
3.944576506395642
3.392859658598338
4.014969966477034
4.063883967718546
4.7140163482884185
5.941480988170646
3.9483412179079305
5.904373815247728
16.44118707867751
7.841317695739758
3.4113071448444194
4.030571126432971
4.727311065019207
3.958619517835036
5.026554999518714
6.211688997276062
5.704888769917325
6.770796203006785
8.537973118010065
6.185063470657306
5.039025197070275
6.200328287607958
5.946021683543207
8.37815868036016
12.667392334694188
17.945864835752793
35.449871560938895
41.94530538688319
20.481734054756487
13.536727171807993
14.027692538615197
107.88287397337119
27.89180640275817
21.95824184326125
16.9669370413512
22.899576849823344
8.00457298175912
9.415267327717368
11.671168836828635
18.882410098658536
80.60263846577011
20.88928517302505
62.49250125834221
80.60263846577011
24.208781213249974
13.65444876697688
22.835811774602938
6.03614278457188
6.050280634535347
4.881167425902388
7.549485423304368
4.930609953528225
5.208454223017828
5.085148398284103
7.130509927995161
16.520095463951684
13.869990052091143
23.982535286282285
11.927271512357262
47.31417392477891
19.101578531017957
28.493975094001076
18.082904722969037
12.232584275904914
4.6331811232830855
16.874740909061465
9.582332292348651
110.31351495833424
17.136250601704766
8.640142385139164
10.392934493226168
17.21053916635326
13.650044411988047
8.189000978900147
8.880992933104446
19.974688944568523
9.846013556448863
8.117488434156774
13.091922293448812
11.398902401947344
45.35033935894757
12.999932527351925
19.95997353646467
22.000895014133953
14.78482169372435
58.52375777515263
45.09748445110676
22.474927229662946
4.717008926131324
13.301466938963088
8.068396986004457
7.299691542888326
45.35033935894757
14.625339638197588
5.822130199103353
7.052751437852954
12.622704767674845
17.717065582987797
11.262928469440117
13.09899827005403
15.10044528662949
17.416538272009422
20.32928653530857
16.257499601942854
15.45891117078634
10.85536274614661
8.336451460796644
14.851195655114793
29.260048429913304
17.595553397813905
7.159086645912161
6.904450414390927
9.432812392230431
13.547743953785671
7.706687636567585
5.96021871193233
9.432812392230431
12.710785149332192
12.001021637687298
15.115909181404401
165.46486248545378
56.18993054994831
165.46486248545378
52.5694664698198
33.44098321437246
14.775436800881645
12.453582018528015
16.377732629367195
14.36975870700961
27.698925489838768
13.314003862179908
10.154881599974741
12.727598158805227
16.273355042231955
14.108879299009267
24.63666170363924
15.83152180809555
16.227704101998953
16.232586014303845
2.727425906208894
6.089847531036236
11.14327816200852
4.550616201846239
8.300007338453664
18.480398331942588
7.027246153411686
9.404794544927963
6.692513056281005
12.046823469236084
8.71363802513398
6.515436921524928
12.306051867796647
6.477590591060754
9.876895581602774
56.54561328524543
14.984621346679145
12.698785454982414
16.292373213595248
15.905178251816993
15.82111182115441
16.852006276569462
15.124668705546465
23.773569195232024
15.593902672404475
15.567032771269023
16.61495133409347
11.314881423403149
10.097357674646295
10.358180216834493
9.617254550632493
11.239493596939202
11.498221093861272
58.51135339664754
13.550271202575363
19.640897747898812
19.58014677530449
17.97332356855538
16.837666247505894
18.680956294135253
15.908668997482447
16.929441266270928
16.21308564809522
17.882210390435983
16.20770415806555
16.68477490600446
15.075134397041591
15.268355850822616
16.664041102110495
15.541391744843166
16.120589398058936
17.08532536769275
16.728491138773474
15.030439333063184
15.013210066899257
15.190866914746994
17.104598543888674
15.710103476004289
15.263340403050162
12.803262220631312
10.087437317536486
15.985484509015171
13.689485515831871
12.05095340089757
10.874116618654922
11.030389270837764
10.641425435142308
9.769740781583144
10.219410527932899
17.022118118148597
16.765037314606293
15.424031316579006
10.537964976776703
8.782991580505948
8.20768884892437
9.656180572291202
10.119307203008237
10.576400242715206
13.495404887156207
11.245240297655487
11.460283701792399
9.743958168324411
10.537754467211425
13.840451731634674
8.680503514258596
8.758202148578729
8.471362796426146
12.147960444724934
6.484443668336655
11.376137331037107
6.879042904169995
14.208722800611866
9.227997337299628
7.0727214054552
12.823463747758705
5.219791121329112
28.075990303489824
20.662922280433264
15.095378346483084
24.55431764863667
16.09059795312576
13.226992058610023
12.137156971697044
11.233928321056174
7.370743069498126
11.084422709311692
13.525822086924324
6.521382035352923
12.176124767135825
9.280392047008906
6.372177497668492
5.6288098744087565
8.374209067160166
6.6710376877232145
9.263614586475127
7.163985711948354
6.7220842912703285
9.202163971761973
7.262752641973519
13.666111062671355
8.91936450598294
5.3793854756641535
12.099400506110648
8.89166584909648
8.105485690074527
9.53312448439004
9.506376957132773
5.575924093829361
8.17815739743009
6.085130929639283
9.03062956629587
4.5950108374405865
64.80247727068911
7.7090799145748505
13.09934950537294
7.155209308608861
9.163372765865674
13.595397728065656
9.385438102943814
7.4714311516481215
11.789688615359866
6.5539463352831575
8.722141464608269
9.092011469886417
4.722878407388243
6.793361759627769
15.234786092814332
30.942644714425384
11.710867694878733
67.8168899999853
13.749404597634864
32.34596836042663
34.605408085359954
19.291761301335473
13.172446595848728
18.44612092054426
17.099160152096257
16.17566775285457
16.736554138140132
15.98410545074905
16.15702541625738
14.747663948488373
15.10934537937831
18.883115824884293
16.095246253955573
22.320747904227108
13.959941115519099
16.167223830758275
8.95649448177321
8.387303180953749
8.597100128266797
12.075836523569366
7.442673278089686
9.953725761219806
16.897574801731007
10.291849741318288
7.985743996974581
8.955553078075953
12.821034004191487
16.89786980443084
17.30009433847461
14.536095090455541
14.381408382614824
15.795043540238845
17.764491890563498
84.88603914338748
97.68351009853409
41.37038767014618
20.179786512828393
19.031347264327092
41.826535752601316
16.36541106616834
14.925499325344497
10.229456832463354
10.533506720130102
14.373276720668644
11.872321411069638
9.34184182866303
9.880060337516483
11.473269659496042
7.665979557523339
15.636623573790091
18.19291789594749
11.860489351455792
17.022108969641444
15.952788976776723
16.01414682365444
15.864178261161916
97.68351009853409
9.317961071795361
9.595897165673254
11.523754751269404
11.128300477818634
8.58094412866466
12.718503449128988
17.294974889495656
11.886286543846872
12.304733914453378
12.276264583395072
15.263523293286902
12.339908743123571
8.474573504607665
10.108980309403346
7.341058665812855
7.520033832846547
10.748022508139611
9.669091678383008
61.242539191011836
51.29221186885466
34.58593946188383
10.716208010583616
10.901833801157904
14.273783087846187
12.483424927959799
7.633458004381709
10.020154863275327
15.150209218949701
6.250432675965077
11.230288082943751
9.471381602325181
8.304241483444187
10.746039266726608
8.857736024517154
10.174149922112015
12.077576315838956
8.874828698443151
7.452053594626462
8.569722802101124
10.68184175320727
10.636408924000236
7.849110632429864
12.777813469562604
6.023705838046376
9.767163007425934
3.435845820467145
8.14957177009042
34.231630472800475
15.028267579621678
11.216806371175485
10.950836667271375
17.824309430581838
9.80193338397187
10.054972485893732
9.93893849784279
12.116849725334779
8.02026653881273
27.732719726393512
88.96490682868482
47.04782771425479
9.984807090273677
97.05121925962092
21.796664361487306
10.230701798472651
5.948530787946642
10.974693258066985
11.969183640089149
6.0773190586493415
11.840226766712494
7.195309922653371
7.09832258057431
8.851365069572887
8.98003216411134
7.348141998773423
9.781790168337965
14.396602127463597
10.959297558662142
9.249933623950872
8.067827528964031
8.10670813373435
13.813348503913051
10.167124990994667
6.751983703413187
7.770830660670887
6.6040683743682616
7.35116470966164
27.99861561485308
6.150172339034351
10.968550333794072
9.524623854392996
8.744621561753851
12.580328169763408
9.482612098945506
21.006245576364776
10.972595852716188
6.235666215506041
8.732218049399505
12.866042622038535
9.86416488122617
8.084931316866873
8.831695390084468
8.307301219750341
7.924639410048144
6.205700265994216
8.096239587171219
7.802138744798888
8.738422651320224
16.272173801524225
11.635427118257214
14.527621250512084
11.124340807097608
6.340587690752535
10.010865928842774
8.276269045036743
8.915292285286021
10.967641599225153
8.474994902597091
7.136586746043196
13.694366819821383
9.52719218128091
6.527462149591792
8.818735821849334
13.083467170405388
5.682363586527443
6.087879014597289
86.27624663528002
8.691099570470142
10.947629707874352
25.06774258354183
11.739384605858946
4.026132408609034
9.902952700029825
10.459706235281752
6.514782544219653
11.27591796246521
6.582551445691627
5.451864273524172
6.040435268012706
9.883951807545378
6.002303609981321
11.032027187830122
9.684469128731498
7.265658443252055
8.021388562587623
7.737437667076576
7.821654659758934
10.163408749621409
10.007305125659913
7.003712406554248
9.57603541551485
5.689224299391831
4.006498217478813
7.0668260776382334
12.865702584084646
9.58618846152465
11.925203797615184
13.817498655916532
10.173678658302569
10.74121956828038
10.337514395735276
6.011353590082031
10.23644738510699
12.059913558573509
6.448098180528983
8.884652953597461
12.433873237486436
6.9808304139902955
7.515756482483753
7.709729068946264
6.29469977424874
9.259552498714172
8.10207948944881
6.0630479767410534
9.318389311257723
7.077095770342168
8.398360473594579
9.764507027044813
5.5676940016391265
11.441747140638435
12.059913558573509
8.756699085988334
10.478820547131717
8.101448550249403
7.998518183299259
8.799036974603498
33.44650797198559
9.21601845987045
8.25750649504282
8.606509243946249
30.15705350593576
25.33323885223697
33.44532668002615
18.25673058685682
13.234992960962504
7.49208609582733
8.804729592537653
17.20817168893714
7.780782977132264
8.623690743245442
11.347746022096839
6.88152445178745
8.126533593036504
16.54421127202175
15.112462155063259
7.2179528737144425
7.328912125723631
11.50857236625386
7.805531370439064
11.402502973363589
15.180094874512534
6.959148298780943
8.968292190896737
10.875494586575579
8.96928266373
11.417095252881769
11.208448356203487
9.455252245142768
9.68890706178902
11.32610696755282
6.723048409776231
12.123083674957432
12.355607346385876
7.433680736227968
8.613186674885878
7.3859328703735745
9.452109051322573
12.605230527492896
7.70781794600325
9.253433002058589
12.634020410794113
6.595505805884453
4.906249279090027
7.985063036596282
12.891674097452498
12.964821504758003
8.862410327855029
14.307709375613495
6.077759492282551
8.763061999692974
4.248440535481401
24.576577557860883
12.407662001238531
18.38661124845649
16.553490858844043
13.061092273050049
18.942225601064738
14.973602641841264
13.464351921181233
35.536651404263274
4.151664804954169
9.04993868123104
5.548268632591464
8.379570315448978
13.652488217098343
6.014532467872082
8.110196968850694
23.855084632819285
4.521503500734406
7.177878670297028
15.618353345065985
6.480653626287148
11.091688687658767
11.888419959750806
6.7323329800314875
9.435116438626524
5.994248340932733
9.780715775636107
4.923219258466293
10.090779493533159
6.722238835700063
9.167069687998806
11.958688521202111
6.439185643038298
7.872056256500469
11.106222383581775
5.291434609397423
10.515386563300622
10.8826921697928
6.059022482144645
7.123218414701114
7.590082709146912
9.293192731758294
4.192578396214353
12.141571389688783
13.090202390067954
5.131719586104202
6.867357533089364
22.609361225601155
6.732576107590351
17.51353907464472
20.687100168539875
17.11705820611101
15.131460564195702
19.103377622464382
18.82377476734078
19.44572765520296
21.971773938905862
21.903337025863973
27.015951921083033
6.237852280980724
8.606066790310386
10.165802035705488
6.899456149844019
7.401990961237006
12.7117308298011
6.726248936168933
9.485140113924002
7.2635583171837075
12.17127734025744
7.863527439626465
54.59139542896381
47.04782771425479
21.15330088525411
9.120783235011904
14.0981571275581
16.698593100638412
11.963427950700005
7.448704406445404
7.731420738787865
8.926426662414167
36.42192473554489
37.96845886815666
7.027632728505529
15.12368666155755
14.230794472349999
17.951933620939656
15.390896919754473
62.92152086522793
117.93603141880827
108.72211011231775
158.56517528882284
16.239387907803202
26.834507455052663
10.151436047840894
11.01373372094524
29.19456377854484
12.539569726946944
11.217349681920059
10.51905889393207
11.871176084228408
12.393784301195575
12.812339037615017
13.293748549314838
16.527883373135527
17.337451764759415
17.10405460539422
16.762583490993165
17.244374606933107
18.128426095146576
17.19396152455681
17.116924200604508
17.269109762632826
15.339954755427486
37.99185793781333
16.712859778727104
15.763312741656033
15.068152959673613
15.381337762006064
15.84745035215448
15.565172600614174
16.043821249352934
14.961713016633912
22.375906015339957
13.773865860988318
14.020122789051948
14.39719261492639
15.136551962148696
24.951559077559203
15.816932482324205
12.798240026186413
11.704180114492889
11.731018989867387
10.215224148135247
9.859655054692295
10.616270065684114
21.730293373968664
19.720682322540437
13.337869520073836
13.584067377622368
16.042451319117752
11.41648398058979
15.088540392093543
11.361613981250311
10.494865908986021
11.624453947587478
13.428500582849686
14.778636522131908
10.399090762135184
15.30662580818015
9.831184724347713
12.768446312615136
8.530303270672487
10.741654727425821
10.609108054888603
9.875353890605439
10.860711511223654
9.968849557787097
17.06589402226055
13.96203889215665
16.187272534761135
10.894022509931114
15.72389498163328
11.208099563311329
12.485502652927355
9.392126281894717
12.361320013313431
11.433780992268579
10.424713686785722
10.447783965860959
10.048216295403185
10.477524536414236
7.064428725403254
19.368355675337018
14.646230686471043
12.511552133386674
10.365119340062193
15.982763408640979
11.109961836863942
12.073064928222538
10.19602903517316
10.090920858487204
20.171126803851752
21.83897076602577
16.654774040073196
6.105115610566904
10.90482765192108
7.430527598461695
7.430527598461695
11.079191111185953
9.82917931269317
7.04309716006374
7.7520474200229845
10.850321685263385
5.986362333795922
8.29594237126159
9.502232822089242
7.128550731272906
7.761123488691107
10.92962517061118
12.933686933518615
8.285738824498749
14.223980257560296
7.355059792206596
11.29051549800046
11.363359868019035
13.633513759702225
5.717240513070671
6.191137994289917
11.44270594279124
24.32489635126711
7.236252906300118
10.402330336700631
49.88501265959266
18.973945731294044
18.95672603078074
6.638585642553261
18.472710081511135
30.115179247793225
16.58805123940904
20.793818512681995
58.50022057859
10.967530548488691
24.05514236373185
32.486860978741156
14.866643946068752
15.486533060506963
7.590082709146912
9.293192731758294
10.974400576590876
8.217951862501371
11.66880953302507
10.082455074386411
9.716959611011164
10.526903950384588
8.626535919151062
9.00615799590713
13.858039633406973
11.250743368742777
8.845688693283403
9.133464141215116
9.674737279324322
10.6797236207753
10.161247343018076
10.588162343629119
15.06443314782324
11.330934682272717
13.317102471072577
13.641326967411235
12.939954447175808
11.104836167355295
9.936744420377956
9.85501677049063
12.349827826470966
29.755135690524178
18.263803824233122
23.150207788214477
8.610700040704291
8.859157058241406
10.590945641615182
9.536362580189413
9.820163916536211
10.826069633957102
11.239691206664798
10.016427013045478
15.084918732293538
14.547889254566376
13.640641639291676
14.68056920997567
15.073410875822061
14.482663378328848
10.397076295598435
13.796600222577853
13.47973199087026
15.296551676772173
14.68426237721158
16.708715783182896
16.359893233807423
15.990688016405956
17.886899788062745
16.984557509476264
15.886498293527666
16.350090285125166
97.68351009853409
14.243233674040887
30.437346546834583
12.508858046496679
30.923912166069933
46.806913323081936
10.38271722031599
26.61228866782973
8.292974435488807
9.814743348885738
11.395863538907303
7.065043655021423
3.458016715076862
21.01517484867806
84.88603914338748
62.13640650512663
12.365834874890808
32.724170346621264
3.931352657645652
7.528241136669811
7.81481182673145
7.899520770753371
20.272726216327552
25.08444058445275
9.150421544683542
6.128291257030024
34.57887750712931
33.74960714366756
7.72800809695253
5.92819788088039
5.942592544989855
6.211688997276062
6.200328287607958
60.66124626416188
25.698436547241172
30.97313254509309
20.38809078568579
45.68728970837592
53.36674010536439
40.65393438194142
64.72834146947059
12.413559918630956
21.744253859519382
16.093950050988475
122.60286663404933
18.065063606686365
73.14979782868731
30.55979646972734
15.852963290514188
15.02478267331698
101.5955385035251
131.67960838002958
13.456127913768873
41.00865950199426
12.729405391176904
8.88159235047636
14.398416481777147
13.85236692130857
14.283481759381013
22.84965245307694
13.621977093505505
14.320625333607905
33.60739491588501
20.677467835579428
11.32610696755282
11.888419959750806
10.154881599974741
9.638421690980252
11.013513818230203
11.366196008386687
11.326619213137036
12.375983441187724
11.244848119392355
12.474128986741864
11.679751183212678
13.14345161758436
14.747663948488373
19.762506603633774
9.539130387802935
10.27857890541359
14.715341914306377
13.500751269008939
12.362908006076887
8.10207948944881
11.232111623347235
30.871696554020033
18.30049580830581
63.43480123373601
19.27567749080683
56.090319076191314
15.586711434463423
28.54479358192778
56.54561328524543
12.179301843500461
7.520033832846547
10.323888988795881
53.36674010536439
58.399212030366094
8.492550382553663
13.038468769984023
12.609777986270537
6.169273241794039
26.519743526002802
2.540342685044695
11.985092590433409
12.106133639833894
13.548493313097147
15.727495721320679
25.095891922953296
30.923912166069933
44.637834794897024
15.329684004554528
16.514064189421823
18.884692723882466
5.795526930604981
28.048058421309342
7.608568612364302
19.858728265349985
33.91233295994863
30.157021990942074
11.632234560770154
24.6169823975328
67.2266616789462
31.251644146379505
21.55393784944365
19.13714091282424
12.772154254020455
7.812738365772265
12.892128670699014
19.67234839434632
12.684044733435712
4.864760547993049
5.976568771072866
5.740465785412064
4.526724211742813
4.488548990602488
4.825732619771501
5.876133126166666
6.226911917455989
6.362475154412755
4.8144372602202745
9.193894680356067
27.287845263554487
8.243964875848798
6.491609354801885
10.432906251160755
8.71593326131719
15.354386250737438
6.448045767684601
27.83890430869281
7.265395269280555
20.933990359975727
13.091874909066739
15.809475740141574
12.830820141640833
15.128423898493311
4.189512001482944
4.228713129132634
4.2185555588704595
15.831493775741972
4.5132955274631765
10.876471173208266
12.17999584138027
9.719666819544727
4.2044655527298795
4.243528543797162
4.233406521561497
4.064764858302742
4.527179728234971
13.042377497846175
9.863299761578125
12.587605200630762
4.249167042646621
4.287822812832093
4.277805599723001
15.64026141015222
4.5687247962603
10.997325580924741
10.703255047693867
13.298300499274509
4.263911388600469
4.302434688378881
4.292451574863019
4.126223830457761
4.582441056629782
13.047412676325965
9.914048484132378
12.161594390539424
22.93183514527577
13.463849001099343
28.190105073063993
14.80726132997719
30.753028458294175
20.1314575875674
9.463361466484697
12.477102723337874
17.462234811852664
63.627985673254756
36.979346374412565
34.605408085359954
9.32020963921732
9.69067314984358
8.938685521205556
9.98127390794274
9.636679931459172
9.470195153138482
10.136808299741137
10.575974817122697
9.988876809790186
10.240295093619597
14.983900194596972
10.381871443501462
11.053692954566504
9.65169524397376
8.009437945795543
7.4202217282077
5.847847497286907
7.270695986934637
6.20996419830022
7.633683371054309
5.4068930339001655
8.137649165723733
7.945638203152338
6.222046398215198
6.912075198094611
8.582683563594689
6.89323405750606
8.810745327816221
8.10145431564131
4.942825677750076
5.566719442539064
5.823749083017316
6.987179949345852
11.23665964605706
16.195400782987086
9.054679046086129
11.272383977840056
8.444735672926049
8.462860588591635
8.028404383177177
11.743663829702617
15.119804245469663
10.661050259427219
6.089974975828582
11.575979268358212
8.65718255971862
7.758123071324069
9.124386535012833
7.341483838376461
5.985059710890364
8.894309560012362
9.851740786351812
10.717401482978515
15.896558852097915
15.527850175857873
16.423371870984703
15.034833587994912
14.883486193747176
14.814292712297394
15.094944582677115
9.81294163265195
9.862134881938886
11.544206778249853
10.183440480326736
9.697770488528992
10.585034564669861
12.393522502023586
46.017335327679376
15.948807285324909
7.194467489894555
6.413440964339894
5.844785276491153
7.054798429230705
9.717003453674531
11.017527733552662
8.568148596493586
8.123154051621473
10.181121859533018
10.018363163462503
10.218089741643519
9.99301346693345
9.576595011416767
10.214806509347973
8.642395402357398
15.894929880405567
13.964857798658233
10.40265287883765
6.980840582284289
7.431804041044754
10.229635685986343
5.073941843066677
5.899092457429537
5.703518899421025
7.568685101883187
5.836193929309404
9.20440718707623
7.150664643628994
7.468598551162432
6.173151812014706
7.651429547674033
7.952848520388989
9.611932682589005
6.924147045129888
6.145198989792695
8.807872830509076
27.099566826011973
18.357161573626207
10.043278768876013
7.716484028380842
10.479247931607
6.801500818322599
44.329383764374334
12.710619647849926
7.339134985746923
7.8566141546292885
10.42868471071821
7.121272391405741
6.543150907139518
8.212962195534914
18.849175972413207
23.886765017092664
10.96977464597689
10.087955448848525
10.087955448848525
16.931836876867678
12.772154254020455
9.797112430953762
15.68412257600099
18.924967001381933
13.733345238666391
18.030728172594213
18.900200735971776
15.350771311055171
13.584668206323057
6.509693513854551
9.887324917870542
8.886033807649609
17.63147430663706
12.646575592501257
12.553858749758483
15.60270388147408
22.62332128236508
15.767547784143595
8.64724368663572
13.274517100938187
12.095576842547178
8.651229826367834
10.959507363984358
12.02529110305507
16.917125333945357
20.58415370810191
7.098346639715337
11.084390312705805
7.577316201685776
17.294974889495656
16.72383259907248
6.473504132462139
13.091922293448812
13.93852471811486
10.40270791138469
9.961377243050897
10.297786255458751
13.59936338259611
16.191666274936647
9.238452021055599
11.886286543846872
10.586463714682635
10.103554924079814
14.483249225638705
11.435686319167395
10.272442041750883
13.251882614092398
17.587625120366457
13.160853581657754
15.66782959736295
10.95073171065559
11.93251861001196
7.577316201685776
15.134739540464889
11.487464200897806
11.893794764264879
10.401934922887824
30.51349215000715
16.41167784306603
18.78562981565507
22.649546994811733
11.854055450076778
11.812365939979209
16.834114267753503
10.3179995040879
16.863804728860227
11.142724662992034
14.135312196744366
14.954476296444904
10.360506074383537
13.588265097331233
15.784972841714344
16.522247739088016
17.331185785044738
9.252717255000169
8.86415998800797
10.691514067326342
9.965895658853674
30.51349215000715
7.591293520849441
5.717368053764038
21.96761922804061
17.629869536939474
11.919789160763964
12.98765080667731
17.95573918399293
9.5298813498182
12.330761851033786
8.022703958899026
15.660711132033637
8.452205142359771
9.996165170139749
17.69756936662249
15.118066314066393
22.532925324733466
12.487426048706235
16.957613943806493
12.25087644830387
10.845189321773104
16.826274297372656
22.38993250630561
20.912370317222106
11.915039047721539
12.578720050004991
10.195906371779875
14.371518738528497
11.4206180165125
6.638585642553261
12.95277400297381
10.410625871893338
10.868157659510794
16.774038846839147
10.706896799617356
7.577316201685776
7.492036222894646
10.15594274122246
11.483811053087528
15.05212090336432
17.647963791765747
11.868160573604706
6.7158532140185905
10.600966158806743
7.492036222894646
11.04696872557038
19.877565101060004
10.891326633282102
11.210195081652243
13.932281566427875
10.060904221790956
12.001021637687298
15.794662055576335
10.129901929858985
9.75381929378078
10.960254812199128
9.58587027803284
10.053926337189466
8.818176967676
9.364357923197325
11.359706211824232
13.01660348319309
9.501656733977244
9.858490215642215
17.662815788339234
18.534463238344813
12.09843783672809
18.39483708161543
14.33125595276908
9.962349631710838
10.532610770530972
20.133577225368978
11.03318792079335
12.358907355840604
11.40833575012393
10.989985165889312
11.126257131023754
13.834454916023708
22.802022567660924
12.240947252500499
10.67926032010242
11.583858058019365
11.262928469440117
10.140842733582069
11.237487596510224
19.164631650980823
14.652777052993194
11.506821788792655
14.249241709650383
9.922108989958456
12.584786595317437
12.517689627102714
23.653810665827848
9.988843774337635
10.376751007075569
11.605318773711813
18.59218039587483
9.465502737857738
10.627238389784583
13.323012416517335
10.439745636693859
20.133577225368978
16.407936733041588
10.685114067855093
11.538432712897908
10.177024702481074
13.266287449509472
11.117954755919424
11.208135068512263
11.791108724087083
10.566783808845974
14.149621742089119
24.451588409332427
12.146348168034777
11.10891204746694
10.040987559739195
10.575226653704341
2.3005999528350176
14.715341914306377
10.862559986101697
10.689444258376415
10.170626747255936
10.010796425310357
22.66675193005125
5.549327568641233
10.519703271755448
15.093764424294918
14.603982043250534
10.580134479696195
9.65587234371716
9.986590767783095
8.71768313239909
8.83138532950359
10.972741695181444
19.96794554692514
7.013779934413846
8.744443394020044
13.500751269008939
4.968762876014913
12.94075862557146
6.347715465888776
8.961009466345164
10.950581606163125
5.775089407254512
5.775089407254512
17.309010740841703
4.568771729029128
7.3565793189970305
6.92108143325959
20.97557238216403
16.169673151839103
10.43279230335266
9.92007705717971
11.044143218255076
7.917760526406335
10.60868315768814
20.35505654505177
14.538920730260138
11.201295285203818
15.636983679040052
21.95241790684092
10.655629517833871
13.454828451832205
12.590297324383203
10.432906251160755
15.718331635316618
7.570757987858657
