0.029069550178739405
2.7876036631282124E-4
0.0015557381710528703
0.0017933950739361718
0.001149366831414404
0.002959666353619766
6.467338834532284E-4
2.655801074100396E-4
0.01180360490448991
0.006133481896594227
0.0017274371129938906
0.001406950883533816
0.0022457783421272522
0.012333847794510296
0.001500579380774806
0.001438890464454847
0.0016210017129510814
2.5538639702702267E-4
4.1706948763956317E-4
0.0015272960306425074
0.001614400995633083
8.707236780253337E-4
0.0016534654087222087
4.3934063408689516E-4
0.0037913127239491097
0.012397605030581411
0.005137572815263164
2.6523644985680244E-4
0.0015207628467693772
3.1076248801906116E-4
0.0027344203524607104
0.001453933037155791
2.5538639702702267E-4
0.0014505228808548913
0.0010758977378772876
0.0014426982797540219
0.0016925085833994493
0.0014575089618247318
2.5538639702702267E-4
8.702385959390098E-4
0.0017018680482092756
5.558148479185034E-4
0.0017329431993609843
0.0014185830576029525
0.0013713486500151586
2.7876036631282124E-4
3.6414189233171005E-4
7.906319768335086E-4
0.0014241443503928955
8.612361586978626E-4
3.479334416556644E-4
5.273375856949795E-4
2.870661820988132E-4
5.268438267380874E-4
2.963293258790763E-4
4.71481474425134E-4
2.5538639702702267E-4
3.3888564155723017E-4
0.001449709682992488
3.840429756533516E-4
0.0014635859056898028
0.0014855118840138306
0.0019505835084702274
0.001498954418716824
0.001438890464454847
0.00154688959799955
0.001438890464454847
0.001438890464454847
0.001973491453495392
0.001958829023159595
0.0016014969292081494
0.0014383575469988836
0.0017127887984889835
0.0015395822985432251
0.0015148538811380046
0.0015591413458915155
0.0017645408063911554
0.0014789178693440854
0.002013656716831498
0.0014643910170543549
0.0014788273094159645
0.0021768787104622213
0.0018200337548031815
0.001638374767800229
0.0029342577311988376
8.624048758557011E-4
8.603149660868512E-4
8.682176261917722E-4
8.656854912633424E-4
8.854577934964071E-4
9.847817094772303E-4
8.64673415358708E-4
9.528387366059569E-4
9.519258626354971E-4
8.598020796714322E-4
8.869049159934454E-4
8.614472175188291E-4
8.618488608667044E-4
8.622253428760603E-4
9.211100525386032E-4
8.755171970673156E-4
9.457001942134052E-4
8.624101956301748E-4
8.864647870046728E-4
8.636637035939181E-4
8.622253428760603E-4
8.641948366473276E-4
8.603149660868512E-4
0.0015136660021700596
8.850957753595934E-4
8.998361090618027E-4
9.091455374804662E-4
1.0622618045681316E-4
0.0016851006382608523
1.8542184150796955E-4
6.415055560842113E-5
2.8413584551323823E-4
6.729272409694299E-4
1.1055281241883836E-4
1.5649159662113146E-4
9.110051881561776E-4
9.730908667185041E-4
3.053005327380824E-4
6.018602473892071E-4
2.4587255089265675E-4
3.189924505345234E-4
2.2554474596463443E-4
2.6360162907739513E-4
2.4365271688975068E-4
4.7972207297617314E-4
2.883495021598802E-4
2.338876396937824E-4
5.227596337002984E-4
3.2579038990361445E-4
2.752995314272935E-4
2.338876396937824E-4
2.752995314272935E-4
2.553506192396492E-4
2.553506192396492E-4
3.2736873877542953E-4
9.057024754929878E-5
6.609455884135857E-4
6.180013732473661E-4
7.555906991269422E-4
9.905611256692244E-4
9.168717424087284E-4
9.257741861994157E-4
9.128901836003747E-4
9.171389100366198E-4
9.272775243595658E-4
9.12337682771232E-4
9.09441115104069E-4
9.085929888162545E-4
1.295735482652958E-4
3.6805188131346144E-4
2.8829436448632787E-4
6.780069285890267E-4
0.0011510660745063855
0.001776010892189446
0.0010222394914052046
8.479320940474942E-4
8.682717585811107E-4
8.498250283557954E-4
8.523966960504619E-4
8.508693846260969E-4
8.705891018987202E-4
9.502643289454419E-4
8.813820163808331E-4
8.81344303837408E-4
8.645646103683043E-4
9.43286905279592E-4
9.227017373880358E-4
9.110866880850742E-4
8.600087211221514E-4
8.428893197186473E-4
8.387700805458173E-4
4.2707317249700906E-4
9.438149471149143E-4
9.358586679512631E-4
9.245377788483287E-4
9.644433757543939E-4
0.0013890977282690956
9.54101448919727E-4
8.91732671417249E-4
7.912991487407131E-4
0.0010664361410529285
0.0013598550664428817
0.001033040322374013
1.6420298254244615E-4
1.6416200974357956E-4
2.1495702663504378E-4
1.1568779994667775E-4
0.0010512535462152135
1.3618851503425836E-4
2.3512535311618135E-4
1.16360527059965E-4
1.6615346299536708E-4
1.3895775663685578E-4
1.16360527059965E-4
1.692195046120108E-4
1.3685418135817216E-4
1.593789090369901E-4
1.1727305946515822E-4
1.16360527059965E-4
1.0642867952539989E-4
1.3367268529286116E-4
1.3367268529286116E-4
1.7042273934930887E-4
1.7115039395501486E-4
5.331396735256291E-4
8.387352507180803E-4
9.247520666890286E-4
8.613315334096524E-4
8.673649137107285E-4
1.3088512789973127E-4
8.497500837493127E-4
3.995282902185938E-4
8.055535050721733E-4
3.9944284561469254E-4
8.972305172111404E-4
8.799686218604548E-4
8.787314139878797E-4
4.012888866936259E-4
8.605246967499732E-4
8.38699929802615E-4
8.600062752425873E-4
8.868522975806026E-4
8.562460344890022E-4
8.826024433554195E-4
8.608366935868395E-4
8.681139725986893E-4
8.420565947270586E-4
8.420930782087949E-4
9.302742430549958E-4
8.857267414749333E-4
8.539218048610895E-4
8.949818095546164E-4
8.478555426628038E-4
3.9942087991437465E-4
8.484493603879488E-4
4.040363679503267E-4
2.357739553014417E-4
9.647695054813423E-4
0.001136772330940864
8.119922347062797E-4
8.505032046856895E-4
8.907695039647937E-5
8.625063175229972E-5
1.605860118280739E-4
0.0011802159169569178
0.0011615065253117055
0.0013080532430362296
0.001212887123749927
9.536889361689865E-4
0.00108659583136063
0.001075009976387745
0.0010109710106716888
0.0010024437714271574
9.270130979147325E-4
1.7228958289659888E-4
4.572970626302161E-4
4.2323157101709324E-4
8.252270142908545E-5
3.030007085765387E-4
8.507559253017253E-4
8.268409536388195E-4
8.271185632852955E-4
8.489307582185754E-4
7.8485171552018E-4
8.477734397582588E-4
8.121895192311333E-4
8.449789506338977E-4
8.121895192311333E-4
7.848181992456463E-4
8.000735905786542E-4
8.000735905786542E-4
8.070226676417591E-4
8.070566505594236E-4
8.070566505594236E-4
7.848181992456463E-4
8.114210470780752E-4
8.114552156728128E-4
8.113863932978784E-4
8.009217107137268E-4
8.051597193589735E-4
8.022417330725192E-4
7.8485171552018E-4
8.318182076888551E-4
8.230533644125883E-4
8.311683399005267E-4
9.169369060843683E-4
8.535197311504059E-4
8.320110443465165E-4
7.970698308834507E-4
8.039871739225536E-4
8.015589799166571E-4
8.034609702008464E-4
8.029068914788024E-4
7.940517363726762E-4
7.92766961361807E-4
7.93986791815878E-4
8.058533283415913E-4
7.940777507926776E-4
7.849173500770204E-4
7.890715920023427E-4
7.945423978623937E-4
8.325618696420194E-4
8.248753739183394E-4
8.03637524903196E-4
8.292968416006744E-4
7.957257847133971E-4
7.990292243721288E-4
8.072407918335506E-4
7.987822523049255E-4
8.009137032833176E-4
7.985254186586102E-4
7.957424424688696E-4
9.09041207242761E-4
9.336116591024325E-4
8.736750631763863E-4
8.757148489273189E-4
8.459475472907976E-4
8.166952368684167E-4
8.549378036810271E-4
9.530797213250688E-4
9.405028061823316E-4
8.361492100138674E-4
9.021627618866476E-4
8.544229775536582E-4
8.777845538984598E-4
9.298346677385498E-4
9.004342811013906E-4
8.72719867567764E-4
9.339075091708505E-4
9.254655053471437E-4
8.692653560529043E-4
9.161937508800835E-4
9.671677339670278E-4
9.38569165209012E-4
9.062983443326003E-4
9.649297399998412E-4
9.538777964786418E-4
2.980212478579534E-4
7.960700336512671E-4
0.0014671664124159061
5.522570074859167E-4
4.668255173842277E-4
0.003022049471452639
1.8646697318667687E-4
9.513475020761878E-5
3.2370277864524055E-4
3.226329323483816E-4
3.413875586152087E-4
3.4313878278906517E-4
4.3550270612866844E-4
1.6034283206586936E-4
1.762487645599993E-4
4.813662458702049E-4
8.241935267620384E-4
0.002556481290849378
0.0011222628712390507
8.19696262772102E-5
2.4501829005672663E-4
8.19696262772102E-5
1.577203225973479E-4
4.328800239079884E-4
0.0010532414536300269
0.0010830152301679588
9.921226222595956E-5
8.037610566884677E-4
3.33544360427291E-4
0.0011026444712772
8.531837543803581E-4
0.0012349717452036634
2.2825939086056895E-4
2.945342826747533E-4
3.422129263301673E-4
0.0010846062065805232
2.7205424650124686E-4
0.0011895821059137157
2.5370281490781854E-4
0.0010422897156754224
4.0140643392878037E-4
0.001115777429256494
5.517078248139272E-4
2.284500210852994E-4
0.001117624447588382
2.606401504470635E-4
0.0011165255992370818
5.486578417046347E-4
8.116860193081883E-4
3.978036212309518E-4
1.7143006213249615E-4
9.003354412230292E-5
1.2510477760853736E-4
1.6172782330762343E-4
1.8309870174461297E-4
1.41556413817276E-4
2.3781434874090295E-4
2.9578841975793274E-4
0.0010822730636398123
0.0010579513840557153
0.0010579513840557153
0.0010579513840557153
0.001058556910929758
0.0011781753819170937
0.0011077455518854727
0.0011187085584816753
0.001057631433185127
0.0010739019527395914
0.001057631433185127
0.0010579513840557153
0.0010762958876285717
0.0010642563957101538
0.001057631433185127
0.0010804723105304719
0.0010579513840557153
0.001057631433185127
0.001057631433185127
0.0011071514826019471
0.001057631433185127
0.001057951384055715
0.0010724007510504003
0.0010720764111082457
0.0010582596677205381
0.0010666285864781232
0.0010907782009726642
0.0010730145845557872
0.0010579513840557153
0.0010724007510504003
0.0010730145845557874
0.001072713263750786
0.0010787117450462497
0.00106081955603754
0.0010579513840557153
0.0010585569109297578
0.0010579513840557153
0.0010579513840557153
0.0010582596677205381
0.0010609438148787517
0.0010609438148787517
0.0010579513840557153
0.0010822730636398123
0.0010795235210698776
0.0010941766906207243
0.0010579513840557153
0.0010582596677205381
2.598174758609311E-4
1.4532079451590765E-4
1.5743785889728545E-4
2.854287512999326E-4
1.7879046443271268E-4
1.4532079451590765E-4
1.4532079451590765E-4
1.6699603946660358E-4
9.012732805351737E-4
6.683296520040507E-4
3.982798409738802E-4
3.8280232466103857E-4
8.680742485864308E-4
7.057509871694742E-4
6.565143824655058E-4
1.2582369549803238E-4
4.29088895320251E-4
1.0803546948022716E-4
8.709804079542084E-4
1.978870122639727E-4
1.9163795640453723E-4
1.1891954956052522E-4
1.0803546948022716E-4
9.623571085344119E-5
7.562960617939612E-5
8.0313933697026E-5
1.0174402803636474E-4
7.904394288671415E-5
8.838715152482419E-4
1.1571975292932642E-4
8.694330173817124E-5
1.943593373566764E-4
9.860500547269944E-5
1.3315581688877362E-4
0.001226393341160042
3.2014284624355243E-4
2.2993436919263718E-4
1.376642607337436E-4
1.0046457493366284E-4
0.002193670607841255
7.156006756084551E-4
4.6949720689334266E-4
4.4224556375778727E-4
8.577428763584008E-4
4.970848820618234E-4
6.151475731487546E-5
1.356830108504741E-4
3.4448165762429004E-4
6.687942236635028E-5
2.1262068269414891E-4
2.1571033656215212E-4
6.610373928708755E-5
1.6009814215233316E-4
9.74970441755123E-5
1.4572711157400593E-4
1.3656162028083E-4
1.198709641126928E-4
2.0650748675814085E-4
2.2772265603456613E-4
8.76387679617396E-5
9.454475907285967E-5
2.3331701948216371E-4
2.102894245293841E-4
2.1040206062896246E-4
3.199655012581349E-4
2.0067649495877842E-4
2.0067649495877842E-4
2.0067649495877842E-4
2.917702496728745E-4
3.2625486582813884E-4
3.778706237566053E-4
3.502637213893771E-4
3.0926027718625426E-4
3.2609671785241423E-4
2.010670010015114E-4
2.0204994847617132E-4
1.4563998897938453E-4
1.441677550095544E-4
4.596383862723479E-4
2.587228877637922E-4
1.4183465073876542E-4
1.5928293490060182E-4
8.753821631406585E-5
8.753821631406585E-5
1.0263051632545444E-4
1.7060255868458108E-4
1.9398711627645847E-4
1.9842312481129968E-4
1.1041293178032485E-4
1.1043735174626822E-4
1.416862848692295E-4
1.4183465073876542E-4
1.098647177816536E-4
3.752699386512282E-4
2.88147512004021E-4
1.0993395700918444E-4
1.700998465237383E-4
2.3162675805784395E-4
1.235076637028709E-4
8.753821631406585E-5
8.753821631406585E-5
1.26724205962289E-4
8.907980169872536E-5
1.7691149376874069E-4
1.1878284456596607E-4
1.1646701332641021E-4
9.4420890241126E-5
1.1043735174626822E-4
1.0591101367149857E-4
1.4242062867251992E-4
1.2062034971985015E-4
1.1828724544906117E-4
1.1965900313367297E-4
1.153674571195087E-4
8.753821631406585E-5
8.753821631406585E-5
1.0263051632545444E-4
1.7612766576163413E-4
1.0579626097970135E-4
1.799778744418473E-4
1.3992214520252124E-4
1.8648883769790487E-4
1.58434828128719E-4
1.967909442979001E-4
1.1043735174626822E-4
1.1813887957952525E-4
1.1828724544906117E-4
1.0743113722564629E-4
1.0313959121148202E-4
8.753821631406585E-5
8.753821631406585E-5
1.6654442930276044E-4
1.0500202170732632E-4
1.1218588636402143E-4
1.390063464922826E-4
2.3285728893470954E-4
1.2690295538990431E-4
9.300772744286834E-5
1.1043735174626822E-4
1.2062034971985015E-4
1.0605937954103449E-4
1.0743113722564629E-4
1.0313959121148202E-4
8.753821631406585E-5
8.753821631406585E-5
1.597393650126907E-4
9.300772744286834E-5
1.1043735174626822E-4
1.0605937954103449E-4
1.1894559985795174E-4
7.972936617892789E-5
1.1320906036533455E-4
7.149012143366484E-4
0.0011868074735785954
1.749430427350672E-4
8.180758483381117E-4
3.6808645972504915E-4
7.961070714222586E-4
0.0013233681480028824
0.0010141086299828765
1.3905195375533733E-4
2.725017938477962E-4
0.001009426792952049
6.907870839211783E-4
6.143005580146893E-4
6.500594327969968E-4
6.182923063132902E-4
5.915926208477119E-4
7.1324142963352E-4
7.197372195008705E-4
7.1738557196117E-4
7.107417405034487E-4
7.241823311983057E-4
7.144529606473628E-4
7.061241561954548E-4
7.014243409779787E-4
6.748330364280754E-4
6.754520168779137E-4
7.125114210428178E-4
7.409511150612783E-4
7.366349775663359E-4
7.180714515809476E-4
7.396549284920357E-4
6.943049093641874E-4
5.115605306930457E-4
5.114161814574036E-4
5.314150160019429E-4
6.073008259145584E-4
6.212222563759439E-4
5.788994916161556E-4
5.767244008798235E-4
5.54647884838471E-4
5.515407178226751E-4
5.568663419544621E-4
5.528473010966277E-4
5.408201185722808E-4
5.252024576880167E-4
4.8640197477888935E-4
4.8640197477888935E-4
4.867601122668302E-4
4.8664472227129404E-4
4.875625658888027E-4
4.872844941066932E-4
4.871860864301749E-4
4.8687177107809476E-4
4.8687177107809476E-4
4.8676011226683025E-4
4.899751118139511E-4
4.900072513991059E-4
4.899091085970683E-4
4.884684960478669E-4
4.858623873249433E-4
4.864019747788894E-4
7.876880606952284E-4
0.0012048032086422167
6.971857464418748E-4
2.7576725879893823E-4
8.274293852890047E-4
5.066993316720951E-4
6.808592735134114E-4
4.40089060396931E-4
6.365833978663047E-4
7.748150341153775E-4
3.4247519635934823E-4
4.1387445167800213E-4
5.440763092952685E-4
4.6965216159197096E-4
3.075802748091955E-4
3.2353302395464885E-4
3.2935788359452894E-4
4.4424367980063075E-4
4.656258706953734E-4
7.464458569664867E-4
4.214905575580612E-4
2.0880034053128105E-4
5.307243326754242E-4
6.71774277027105E-4
5.772808784880054E-4
6.998754709301744E-4
4.5350292281387896E-4
5.915875466405577E-4
4.7455874848721533E-4
4.8299848881833233E-4
8.010056150743948E-4
2.739641188279881E-4
4.172194498280717E-4
6.828623067652994E-4
3.7800117574356617E-4
3.4788359196133905E-4
4.396358873219306E-4
3.8394308008585226E-4
3.615827720306026E-4
3.726402785998144E-4
4.5728379798406924E-4
3.675131296794315E-4
4.407542149838961E-4
3.529014974549058E-4
3.529014974549058E-4
3.494032609241776E-4
3.6800893895708344E-4
3.7464770940265655E-4
5.192726915211881E-4
3.4779832780635624E-4
3.4804584906192803E-4
3.486260482680677E-4
5.193967333869332E-4
3.47883591961339E-4
3.479660537382014E-4
3.486260482680677E-4
3.484090169495551E-4
3.479660537382014E-4
3.529014974549058E-4
3.47883591961339E-4
3.47883591961339E-4
3.939522511823837E-4
3.47883591961339E-4
3.47883591961339E-4
3.47883591961339E-4
6.231267379302552E-4
3.546586958127519E-4
5.497536036353391E-4
3.4779832780635624E-4
3.479660537382014E-4
5.1945661200669E-4
5.314089366227528E-4
5.19335443390324E-4
3.9428227706145416E-4
3.780229416389669E-4
3.873786122070159E-4
3.59558731828009E-4
3.8421987341035656E-4
3.9050882701520184E-4
3.626752044893388E-4
5.373010275279267E-4
3.82573728017511E-4
3.534897823069255E-4
3.8429075288371405E-4
3.701578907058526E-4
4.4054151604121624E-4
3.9947768167535437E-4
3.484090169495551E-4
3.4788359196133905E-4
3.4779832780635624E-4
3.529014974549058E-4
3.686636391698845E-4
1.0962355556149643E-4
2.0777878909096018E-4
1.7208147181954883E-4
2.0147256036764718E-4
3.30784078564793E-4
2.748255964367154E-4
4.508011126646791E-4
3.283634488516907E-4
4.313316223197335E-4
2.408866132520091E-4
2.621700618382074E-4
2.9077807819017867E-4
2.46544446011375E-4
1.7488041502112143E-4
1.3916721674101163E-4
2.216680718713897E-4
1.590364492939224E-4
4.125685218298619E-4
3.7687125318317275E-4
4.324743093850706E-4
2.536039314309471E-4
2.75994743555892E-4
2.6369134608437706E-4
2.567702461864297E-4
4.0482176772721224E-4
4.0873938056124894E-4
2.964211686554572E-4
3.5244077742007757E-4
0.0013174505152391811
4.545752392898492E-4
3.456622053625091E-4
8.769262212590288E-5
5.565224860575206E-4
8.106391249875863E-5
8.319195698791452E-5
1.1430216507690435E-4
4.5783469224279055E-4
1.0810208613393149E-4
3.014115257761475E-4
3.875414438660465E-4
3.4103992410359113E-4
2.0666750845248363E-4
4.994911056331314E-4
1.2743555153898944E-4
4.15877433163933E-4
5.832458641468119E-5
5.832458641468119E-5
1.054660272505624E-4
2.1233449440268045E-4
8.184292065720216E-5
8.836960118643819E-5
5.832458641468119E-5
7.667756364200106E-5
5.8912871266700836E-5
5.832458641468119E-5
1.0196314068059306E-4
5.832458641468119E-5
5.832458641468119E-5
5.832458641468119E-5
6.632930604052155E-5
5.832458641468119E-5
5.8912871266700836E-5
6.999582091416371E-5
1.9060782544469233E-4
1.9161466195609923E-4
1.86046871136881E-4
3.3778934166389473E-4
1.87926336275418E-4
1.1506535854333594E-4
1.188623826328436E-4
1.282929730993073E-4
7.614199486086073E-5
5.832458641468119E-5
5.832458641468119E-5
1.040597600638914E-4
5.832458641468119E-5
8.686269616082026E-5
1.7931705888485317E-4
8.894737670589323E-5
1.203124860778757E-4
8.879183290554527E-5
2.130112891596919E-4
5.832458641468119E-5
5.832458641468119E-5
5.832458641468119E-5
1.6990711207278572E-4
1.0065753770631888E-4
4.6205384928263253E-4
1.1862867701705143E-4
8.059848636913465E-5
9.21090554493447E-5
6.568923959525141E-5
8.992797612423867E-5
5.8912871266700836E-5
1.0917478891676771E-4
1.2606404792235253E-4
5.832458641468119E-5
2.2394785657920842E-4
5.832458641468119E-5
7.882022316218697E-5
1.2946530856126478E-4
9.811247773168301E-5
9.90948853341571E-5
9.080636155423089E-5
8.484420798238784E-5
6.554775947137853E-5
1.0887809360863568E-4
5.832458641468119E-5
5.832458641468119E-5
5.832458641468119E-5
5.832458641468119E-5
1.1583743293230141E-4
2.1537438432686932E-4
2.4238496447723538E-4
1.3630521356525611E-4
7.717399852810326E-5
1.6920459827795805E-4
1.949766683053298E-4
1.9476440029480476E-4
1.1159013221188659E-4
1.5793584544251938E-4
9.016204568672468E-4
9.336078615831822E-4
0.0013831570011909266
0.0016587311524523091
9.867121592739424E-4
6.131612130548673E-5
6.573390919450145E-5
6.614830455543768E-5
6.622071381372174E-5
6.479800072927886E-5
6.635379505988839E-5
6.626159932694482E-5
6.690105610265995E-5
6.514801760121029E-5
6.598930936529606E-5
6.504405162870094E-5
6.483296507609817E-5
9.495213216313153E-5
9.712897402017258E-5
9.304558139918664E-5
1.2295519486195047E-4
1.95895304012196E-4
1.8280466285902218E-4
1.4320311786214347E-4
1.430260843419879E-4
1.4069183175319906E-4
1.4338640491197394E-4
2.310062629649547E-4
2.2678145606975443E-4
3.0206866675832277E-4
6.514801760121029E-5
8.311812719341543E-5
9.236371164829269E-5
1.0434322665686876E-4
8.533000067824358E-5
8.320008681681672E-5
1.1258748139116258E-4
1.1756476351221061E-4
1.7677276236526687E-4
1.8284756205261135E-4
1.5756695872065843E-4
1.5909292599954747E-4
1.976278432597064E-4
1.7035997221392842E-4
2.3893990765535574E-4
6.614830455543768E-5
6.622071381372174E-5
7.313970441597587E-4
6.479800072927886E-5
6.635379505988839E-5
6.626159932694482E-5
6.690105610265995E-5
6.514801760121029E-5
6.45761465670384E-5
6.504405162870094E-5
6.483296507609817E-5
9.495213216313153E-5
9.712897402017258E-5
9.163241860092898E-5
1.2154203206369273E-4
1.95895304012196E-4
1.8191088343945128E-4
1.402025046602567E-4
1.430260843419879E-4
1.4017026210684467E-4
1.4381329639822686E-4
2.027405160456748E-4
2.414927413549767E-4
9.236371164829269E-5
1.0434322665686876E-4
0.0013813860068003236
8.122895505785779E-5
7.909904119643093E-5
8.254246661940549E-5
1.1756476351221061E-4
1.7677276236526687E-4
1.7853055541533516E-4
1.4517508978757025E-4
1.5883555247179568E-4
1.452172018426281E-4
1.576653432182005E-4
2.3505150859617533E-4
1.7551774348971102E-4
2.1590499510939102E-4
2.4221188075343157E-4
2.1148211529807218E-4
2.5206539730145816E-4
1.7501854835482442E-4
1.7194915123899178E-4
3.0684599881576727E-4
2.8945662230666735E-4
2.260386004230736E-4
2.1953294272935683E-4
3.0882406488361234E-4
2.782102709735548E-4
4.0580505933486316E-4
4.0417776913140074E-4
3.3676725062614725E-4
3.3864970001997385E-4
3.425902040317796E-4
3.3993351841014294E-4
1.686494163341788E-4
1.4574538945317288E-4
9.176841875332528E-5
8.629117228702003E-4
7.191606929366414E-5
7.191606929366414E-5
7.191606929366414E-5
9.135628186800613E-4
8.18388474264413E-5
2.1525382467277237E-4
7.191606929366414E-5
9.10187746640207E-4
9.007601666533747E-5
8.849177246035057E-5
8.238794096415559E-5
9.48890962254935E-5
1.2753659360153913E-4
3.846936486143575E-4
1.1670142983191853E-4
3.743854346918545E-4
4.89321288515038E-4
4.0893780090838806E-4
1.5249853214213194E-4
2.0518749443750148E-4
8.061704114087729E-5
1.7653081078580594E-4
1.7094305188309822E-4
2.0066991912326776E-4
1.1438356744012216E-4
4.157203540014944E-4
3.2110033671972654E-4
3.732200189519328E-4
4.513094232612832E-4
6.069314516220181E-4
2.709337817822024E-4
2.3258471912050447E-4
2.2829326731623563E-4
3.4250150252432363E-4
3.1877731555563643E-4
2.905978702090876E-4
2.436777557450683E-4
2.945791640099639E-4
1.7733112496015504E-4
1.0394679031638452E-4
2.565709104498087E-4
1.9511501646998062E-4
2.713173002966652E-4
8.640806111038339E-5
2.1479514593689508E-4
9.659645497979605E-5
8.346664363272636E-5
1.0138801742149236E-4
1.2208879259569493E-4
1.7425201049172718E-4
1.745698543248236E-4
1.9271114546255563E-4
1.7825880946393147E-4
2.863143365881971E-4
1.842907103524162E-4
2.788079661518477E-4
2.842733905060943E-4
2.7880796615184766E-4
2.818180823127068E-4
2.7880796615184766E-4
2.863143365881971E-4
2.89512130349302E-4
2.501531793093619E-4
2.697635240203809E-4
2.6457817979609507E-4
2.6099477803466465E-4
2.5636524725497695E-4
2.501531793093619E-4
1.9635924533376639E-4
6.693697095546457E-5
6.693697095546457E-5
6.693697095546457E-5
6.693697095546457E-5
6.693697095546457E-5
6.693697095546457E-5
6.693697095546457E-5
6.693697095546457E-5
6.693697095546457E-5
6.693697095546457E-5
6.693697095546457E-5
6.693697095546457E-5
7.05961169413561E-5
1.0921863987024709E-4
2.489000750757222E-4
4.110720701606394E-4
7.766444958166087E-5
0.0013879554994116784
1.3336545724779926E-4
7.805698454900442E-5
7.805698454900442E-5
1.2112847577330028E-4
8.826037691227544E-5
7.412514294170288E-5
8.37489731683811E-5
6.424420984142193E-5
8.782684458828075E-5
3.5988739282474195E-4
3.6213408671398686E-4
6.377493068169539E-4
1.2983380748769204E-4
3.758358006028119E-4
8.759880288764605E-4
7.848220007133202E-4
9.0299687927035E-5
7.452060920299707E-5
7.093507015820815E-4
1.5568466211297887E-4
4.244696254150046E-4
2.633140808500779E-4
2.213459910612841E-4
1.7585654045653413E-4
8.894206270864342E-5
1.5798981351994272E-4
2.493302030316247E-4
2.090245191671581E-4
2.296030088664082E-4
3.0092789508412784E-4
2.1594788877270295E-4
4.119058248451198E-4
3.5779752584135313E-4
3.606821705937196E-4
2.4871749046652446E-4
6.768221379381283E-4
3.7559633355162795E-4
4.243863232405685E-4
8.97536451229799E-5
1.6390252973256137E-4
2.726514118015015E-4
9.117580293544741E-5
3.252891410910357E-4
1.6390520943851866E-4
8.97536451229799E-5
9.009575870154087E-5
1.2645977303958207E-4
1.7901111374268457E-4
1.126296859500607E-4
3.0796957289050614E-4
9.195792137274779E-5
1.2837353461258723E-4
8.957607995960381E-5
4.8010315722772477E-4
9.117580293544741E-5
1.1528929308799842E-4
8.942765474192247E-5
3.925319420194996E-4
1.798587709556358E-4
4.536739901107971E-4
3.5981426639898595E-4
3.5981426639898595E-4
3.5981426639898595E-4
3.5981426639898595E-4
3.5981426639898595E-4
3.6018009702039723E-4
3.984504111656284E-4
3.5981426639898595E-4
3.5981426639898595E-4
3.5981426639898595E-4
3.5981426639898595E-4
3.5981426639898595E-4
3.5981426639898595E-4
3.5981426639898595E-4
3.6018009702039723E-4
3.5981426639898595E-4
3.6018009702039723E-4
3.8397600772732037E-4
3.605222105989582E-4
3.5981426639898595E-4
3.6018009702039723E-4
4.0715257143894324E-4
5.842600090119991E-4
4.6046761724095404E-4
5.351971058715577E-4
4.647449600265582E-4
3.904801207882166E-4
4.677309196762572E-4
4.978066799501709E-4
7.354127693157556E-4
6.603707295342429E-4
6.335275664160706E-4
2.7765282818344563E-4
1.906693850831065E-4
2.1802557641025096E-4
2.813936381672416E-4
2.468597154257892E-4
2.658315940274225E-4
2.825550479804184E-4
3.2784746507347326E-4
4.6945789451200223E-4
5.293714877758856E-4
4.6431015557780883E-4
3.205212970271284E-4
4.6986178891173256E-4
4.6986178891173256E-4
4.6986178891173256E-4
4.6986178891173256E-4
5.138789600903457E-4
4.7125949773741045E-4
4.7125949773741045E-4
4.7125949773741045E-4
4.760139087412246E-4
5.03468037727547E-4
5.855146715171284E-4
6.620442504454333E-4
5.872717620009825E-4
5.770749083303769E-4
4.79153689477954E-4
4.11366801521504E-4
9.056394862728232E-4
2.2425538449119764E-4
2.2425538449119764E-4
4.361195242558842E-4
3.874294634089662E-4
2.2425538449119764E-4
3.17736280666959E-4
6.07345003075026E-4
2.4610166277589496E-4
1.0203102993022682E-4
1.538565175794496E-4
2.6513155273387055E-4
2.3759413019963974E-4
2.6045242874485813E-4
1.232709162841891E-4
2.4434786899943405E-4
2.999270118569274E-4
2.26336027368926E-4
3.1193658191276636E-4
2.485482159965928E-4
3.7099114143096756E-4
4.7257149411660074E-4
4.3505513828472146E-4
1.0203102993022682E-4
1.099048506057507E-4
1.1529665423228699E-4
1.5511203808992398E-4
1.0861577065277288E-4
1.8986545852526618E-4
9.58349273235637E-4
2.1067109600801355E-4
1.0203102993022682E-4
5.511600964992453E-4
2.777561200195933E-4
3.4118941053359284E-4
8.301756618321448E-5
0.0012278593503034885
8.301756618321448E-5
2.5108891202126575E-4
1.4287888942713203E-4
5.750616100659416E-4
8.301756618321448E-5
7.650773864537073E-4
6.164129611842553E-4
1.2899901759930678E-4
6.02666471941615E-4
1.2276803462277333E-4
9.328583173535022E-5
2.826467881397198E-4
2.46613654669888E-4
5.978754636492485E-4
6.021703245121811E-4
2.6732679251247944E-4
5.978754636492485E-4
6.008829595818525E-4
5.703539402288573E-4
6.943283202242807E-4
5.994589927347655E-4
5.717087437402943E-4
2.510409707031077E-4
5.717087437402943E-4
5.74046294995244E-4
3.8707804193219313E-4
5.88410874907492E-4
3.2669921335917295E-4
5.764660730217283E-4
5.688473243720721E-4
6.392426322255475E-4
5.218993567501885E-4
6.895689925793853E-4
8.301756618321448E-5
4.4537961929559054E-4
5.719734426262234E-4
5.727630346178718E-4
4.98314882506713E-4
4.2691721830524337E-4
4.267205249076087E-4
4.2710514026491866E-4
4.267205249076087E-4
5.635293331763573E-4
4.2691721830524337E-4
4.2691721830524337E-4
4.2691721830524337E-4
4.267205249076087E-4
4.3534525547742563E-4
5.081642858717766E-4
4.907408666867384E-4
5.408135960052844E-4
4.3534525547742563E-4
4.370330446868443E-4
5.683877905329811E-4
4.267205249076087E-4
4.4804503258656333E-4
4.3534525547742563E-4
4.886680920696049E-4
4.2691721830524337E-4
4.5668909473607145E-4
4.3534525547742563E-4
4.267205249076087E-4
4.908740981275541E-4
8.359711036297986E-5
8.511186192316814E-5
8.612361586978626E-4
1.0249234785007032E-4
3.6425602344838145E-4
9.916118952948513E-5
7.731806526021795E-5
6.72872651529116E-5
6.66625482728391E-5
6.761734267086225E-5
6.798906876290084E-5
6.09492731604135E-5
6.785506056963559E-5
2.8292240554778027E-4
3.4140448793820277E-4
3.3296956062530396E-4
3.656352173094961E-4
6.09492731604135E-5
3.4427119754175894E-4
6.829356328299694E-5
6.641631709862913E-5
7.578632776026986E-5
6.909266624535811E-5
9.333350212163908E-5
7.618107475503932E-5
2.523111632537929E-4
2.873127869566522E-4
6.09492731604135E-5
6.119156627185312E-5
6.119156627185312E-5
7.807172829360117E-5
1.2895820877716099E-4
4.8791786099528693E-4
7.027062897382825E-5
9.440437159639872E-4
1.134469138116613E-4
1.1294909840387802E-4
1.345855755504797E-4
2.56225685283811E-4
5.460666691275404E-4
4.025649272964779E-4
1.1913131562841327E-4
1.060109207545661E-4
6.406297270074754E-4
1.1284842122418262E-4
4.684063429793734E-4
7.574848201534904E-5
6.251611332024001E-4
2.4944750830640865E-4
6.419697461783729E-5
1.55483285670515E-4
9.529767313168727E-4
4.7392780891085195E-4
1.0251139752680822E-4
2.2098638795361737E-4
5.936688921412112E-4
1.7048505748826855E-4
1.7523441768327932E-4
1.8711190629687848E-4
1.9152301594289612E-4
4.1972344182831286E-4
3.071842607811198E-4
2.765686570733565E-4
1.3033273522951528E-4
8.639363660038632E-4
4.478791785665445E-4
1.6172043243862933E-4
1.0301498736062955E-4
6.474553651725154E-5
6.474553651725154E-5
6.474553651725154E-5
1.4307036432494093E-4
1.8851432363576923E-4
8.005207094990268E-5
2.1561683810478644E-4
3.9665582891906565E-4
4.389888906953963E-4
9.541137278900255E-4
6.246014683810786E-5
6.246014683810786E-5
1.0543533472827759E-4
1.3189155180946534E-4
1.9831742719524317E-4
1.2203122196074369E-4
6.764218578028035E-4
7.31212443641173E-5
3.859544220553137E-4
5.248277706755976E-4
1.0415023949975145E-4
0.0020098354476897826
6.192901378469837E-5
1.4017320793169964E-4
6.439488423884842E-5
3.137498363220341E-4
1.1507663120773032E-4
1.1507663120773032E-4
6.0563385144341254E-5
7.22527100718884E-4
1.9471668798726516E-4
1.2817987731613016E-4
1.482072740682893E-4
2.748410646408182E-4
6.49031733428846E-4
2.1511485501124385E-4
6.460235202592446E-5
6.460235202592446E-5
2.6648023390693043E-4
2.599281798919095E-4
9.88711279829945E-5
6.606660880100314E-5
1.8793455626635297E-4
2.3049788928445052E-4
1.873100187881771E-4
1.8324169616806572E-4
1.932018560924495E-4
1.8617211774679253E-4
1.8657284375659235E-4
1.7596967781430042E-4
1.701896462485672E-4
1.8640610973184914E-4
1.701896462485672E-4
5.566641658141643E-4
1.2138302731606826E-4
7.39308818442935E-5
5.567537386005752E-4
1.0493807821154175E-4
2.8781516858373163E-4
8.633830864167501E-5
9.527622054239694E-5
8.808453936887872E-4
9.4090387752064E-5
9.162451729791395E-5
1.958873237079801E-4
2.470146302916699E-4
2.518829858970853E-4
2.3459860620544517E-4
2.4443832421127326E-4
2.0142095102343018E-4
2.330262283845606E-4
2.2024868980769147E-4
2.47486471650807E-4
2.7057917792458106E-4
2.534739694900754E-4
2.605619070208248E-4
2.600919676641998E-4
2.5189469513185107E-4
2.641324178896126E-4
2.4092787307166807E-4
2.6716888449146583E-4
2.3668575696230682E-4
3.0172032466981225E-4
2.5688418968552713E-4
2.559195854646692E-4
2.5576577509317576E-4
3.268521514297539E-4
2.274556804219111E-4
2.65786894791308E-4
2.7704789185554714E-4
3.1346368568624497E-4
2.2811498255589403E-4
2.3001417367296824E-4
2.526641882034642E-4
3.3302945359321224E-4
3.2309151140124645E-4
2.8180666983292996E-4
2.7993239898445717E-4
2.7638439105299165E-4
2.804741756175617E-4
2.523082886670917E-4
8.464587382697606E-5
8.464587382697606E-5
2.016766087984354E-4
8.25719341890399E-5
8.25719341890399E-5
1.807448213176336E-4
2.1056640065214417E-4
1.0430262879147293E-4
8.25719341890399E-5
1.6813090082681067E-4
1.118628861203949E-4
9.091696436197371E-5
2.0260436780711314E-4
8.25719341890399E-5
9.851016480069236E-5
1.3426148244974172E-4
8.25719341890399E-5
1.023107153339485E-4
4.0241169686978164E-4
2.727705614665045E-4
2.713820229171614E-4
2.727705614665045E-4
2.739720973521953E-4
2.727705614665045E-4
3.124425565266224E-4
3.303700751266687E-4
9.46278767311684E-5
3.358768916051116E-4
3.155197643298529E-4
3.172479035777437E-4
3.182452857131338E-4
1.349407508587801E-4
1.349407508587801E-4
1.5339241171574285E-4
1.0900178229171083E-4
2.297271194402852E-4
2.125733486545841E-4
2.2869868617233038E-4
5.76564261820087E-4
2.158820738604872E-4
1.975141025443425E-4
2.0498704967370277E-4
1.9687389972507545E-4
1.9852640054162838E-4
2.278351029022796E-4
2.234805939290272E-4
2.1204941505001957E-4
2.148896727313187E-4
1.8668217445717389E-4
1.8033954067509292E-4
1.856885869635932E-4
1.8809204371258748E-4
1.820342393627225E-4
9.497614883640706E-5
9.11310897134617E-5
1.074278188409318E-4
7.017700409343954E-5
1.1116662913328159E-4
1.1092409421927488E-4
6.269397457539698E-5
8.278543520680668E-5
1.0614166331381633E-4
1.414883023042179E-4
1.448680110658492E-4
1.3097044094428003E-4
6.269397457539698E-5
9.445590507323655E-5
7.539711540530575E-5
6.419821717979587E-5
1.2485335940361483E-4
6.210568972337735E-5
6.210568972337735E-5
1.9143813718408456E-4
9.971942795747694E-5
6.269397457539698E-5
6.332160608262709E-5
7.36601393126437E-5
9.945409150338569E-5
1.1182947067914214E-4
8.908578926709486E-5
7.59457832209172E-5
1.2716356797745767E-4
6.269397457539698E-5
7.451823663891031E-5
6.210568972337735E-5
7.266448549679799E-5
8.637566877517684E-5
8.637566877517684E-5
8.637566877517684E-5
8.637566877517684E-5
8.637566877517684E-5
2.845960438229478E-4
2.645318690876268E-4
8.373670571553163E-5
8.27213110709808E-5
8.268113872636983E-5
8.478471400505345E-5
1.0520586640518777E-4
5.7607639303832386E-5
8.280013620566755E-5
6.576739101510008E-5
7.94996426610588E-5
6.576739101510008E-5
8.373670571553163E-5
8.27213110709808E-5
8.268113872636983E-5
8.280013620566755E-5
8.373670571553163E-5
8.27213110709808E-5
8.268113872636983E-5
8.478471400505345E-5
1.0272334631752794E-4
8.280013620566755E-5
6.576739101510008E-5
7.94996426610588E-5
6.576739101510008E-5
8.373670571553163E-5
8.27213110709808E-5
8.478471400505345E-5
8.280013620566755E-5
8.478471400505345E-5
9.733338994517122E-5
8.280013620566755E-5
6.576739101510008E-5
7.94996426610588E-5
6.576739101510008E-5
6.764200312199721E-5
1.0028556861767743E-4
8.280013620566755E-5
7.94996426610588E-5
1.1361644081475302E-4
7.220454908124193E-5
7.220454908124193E-5
1.273660489188077E-4
7.220454908124193E-5
9.024258578443746E-5
1.452172748932148E-4
1.7417901268875692E-4
9.024258578443746E-5
1.23358023934389E-4
1.1361644081475302E-4
9.024258578443746E-5
9.366752862710866E-5
9.366752862710866E-5
9.366752862710866E-5
3.59512212668046E-4
2.1561225121339856E-4
1.7491358196007817E-4
1.9157964363602126E-4
1.8862382656621558E-4
2.670701607590845E-4
9.570618275551342E-5
1.8045335489247501E-4
7.429356383570607E-5
7.429356383570607E-5
1.2419271311524146E-4
1.8348194485913463E-4
2.649424425722854E-4
2.659578372168362E-4
2.8293151529093415E-4
3.6283509192510234E-4
3.995187924790034E-4
3.9213254302795236E-4
3.624993671036397E-4
1.825478656215341E-4
6.565247487759204E-5
6.19817814109834E-5
6.19817814109834E-5
6.19817814109834E-5
7.066743419115427E-5
6.19817814109834E-5
2.3990473397391944E-4
6.376481780864084E-5
6.202935525716419E-5
8.152911938646802E-5
6.202935525716419E-5
7.283786778225292E-5
7.205720392815467E-5
7.283786778225292E-5
6.202935525716419E-5
1.428003956120757E-4
1.7855625976067154E-4
6.30641494186863E-5
1.9317592209646672E-4
4.0573237100195405E-4
6.30641494186863E-5
6.382494522072953E-5
2.661520826887469E-4
1.8990185529219928E-4
3.7948315962271745E-4
1.6922253606393783E-4
6.382494522072953E-5
3.1581906576700117E-4
7.826616181957544E-5
9.18007123146143E-5
7.735949571576839E-5
7.247153762424356E-5
8.491930625432434E-5
9.39765687320265E-5
7.424353571812966E-5
4.313031826543762E-4
2.5650687675573554E-4
2.2547487921724572E-4
2.577766099185482E-4
6.27892958295293E-5
1.8956217795284582E-4
1.965435152859857E-4
1.9553107147081124E-4
2.422605743266279E-4
6.897120142907084E-4
1.9667027513278187E-4
6.27892958295293E-5
1.6602349324015375E-4
3.141776551799487E-4
2.4539745261876664E-4
2.1302280474833112E-4
1.3529028051083381E-4
1.233904260651534E-4
8.436136619329844E-5
1.726982079188438E-4
8.023140398748234E-5
1.3978481671629488E-4
7.026224849466325E-5
1.8230793248321197E-4
1.5366942829118444E-4
1.1291546565564028E-4
6.337096172062875E-5
7.313372886721026E-4
5.677408015340703E-5
1.5825951929901569E-4
7.391679103646321E-5
2.823698230599859E-4
1.4903745487792765E-4
1.9991297694261267E-4
2.015409832454174E-4
1.914838596727961E-4
1.5434688347292703E-4
1.3272384254953677E-4
2.617746260781875E-4
1.620468967579124E-4
1.8286273107150734E-4
2.1153825028645074E-4
1.2970445559543805E-4
1.403430590338963E-4
1.9769411527085788E-4
8.330322723640356E-5
8.330322723640356E-5
1.9630627496234251E-4
8.915261782866109E-5
8.915261782866109E-5
1.4158512674276318E-4
8.330322723640356E-5
9.986327598952781E-5
8.330322723640356E-5
9.235581034527763E-5
1.1615490970328832E-4
8.330322723640356E-5
3.0775780295430653E-4
1.7461506258132742E-4
2.3714602817972451E-4
3.662240350564687E-4
6.5064935989363E-5
6.464967227599636E-5
6.542288251195983E-5
6.451494133652332E-5
6.400043694724168E-5
6.553054706589798E-5
3.5571914519899194E-4
9.220808563059662E-5
2.0903782379184374E-4
1.5166570029088723E-4
2.489775932653991E-4
2.248957787677781E-4
1.541485915461411E-4
1.6259005222065423E-4
1.6495185486452833E-4
3.45662234978134E-4
7.735751437190313E-5
3.484189309515892E-4
6.564147397511422E-5
3.513773031999458E-4
3.5454269199759823E-4
3.502865712340111E-4
3.522896077350125E-4
3.479645077955323E-4
3.763349947836249E-4
3.461830426751135E-4
4.024586400105848E-4
3.59368750533593E-4
3.5208139996846207E-4
3.5471110663883265E-4
3.5571650487895695E-4
3.466669396299057E-4
3.884325085893959E-4
4.158815842046596E-4
3.464893870558306E-4
3.4529710017200323E-4
4.088851143519197E-4
3.508449305549669E-4
3.508524771493354E-4
3.662079072174299E-4
3.609981028845698E-4
3.5841713648506466E-4
3.5838996621946894E-4
2.2846990762896593E-4
2.0323850350030436E-4
2.6989847392490894E-4
2.2133010081360277E-4
1.0960176653649397E-4
2.1284572021672247E-4
2.4623030445367874E-4
1.7460399339228942E-4
1.8596148316217244E-4
1.8340256354074702E-4
2.3119142439832652E-4
3.725762020579616E-4
2.721788091097054E-4
1.894294929975541E-4
1.897795832954216E-4
1.5048989616890706E-4
1.4486265760481587E-4
2.1702229545601166E-4
2.4866408614745435E-4
1.6994247497212247E-4
1.8614472255272602E-4
1.2916044301708205E-4
2.066833593902676E-4
1.1930992103882577E-4
1.994845517714135E-4
7.08864919922672E-5
7.80717703520627E-5
7.80717703520627E-5
1.4945302879552263E-4
7.990703337378382E-5
7.990703337378382E-5
7.40576427815263E-5
7.40576427815263E-5
1.063272680798744E-4
7.40576427815263E-5
2.639637602976493E-4
1.2751147715380658E-4
1.8732006312036046E-4
4.238993607921777E-4
1.329462903975116E-4
1.7654927235178944E-4
3.1571332497736237E-4
2.9226937135058185E-4
2.6037219597973204E-4
3.4292488627583726E-4
1.754036904587781E-4
1.75163568733964E-4
3.6208968330953125E-4
1.8298296535177025E-4
1.823833658090406E-4
1.969563895123332E-4
1.7435407074231415E-4
1.7435407074231415E-4
2.7268925841367176E-4
2.0320020600114318E-4
1.824688756222118E-4
2.9921757772359277E-4
1.7465500034138836E-4
2.247546887449907E-4
2.1164537227081468E-4
1.8200088187696984E-4
2.533708339799089E-4
1.750405601038391E-4
1.750405601038391E-4
1.993050177071692E-4
1.783965839209182E-4
1.7797302772811096E-4
1.7085651191163395E-4
1.8907099862651975E-4
1.832480628928812E-4
2.769545553660627E-4
1.5053810375495976E-4
1.4946587487494592E-4
1.1436795800352496E-4
9.699282272119965E-5
2.701621228015634E-4
1.1455548728973979E-4
1.1455548728973979E-4
2.149918180642188E-4
1.2258683841657008E-4
1.2258683841657008E-4
1.8918345454052492E-4
1.635031941855917E-4
1.4056535896964605E-4
2.1510987582767048E-4
1.1248154765180364E-4
1.4058873751172091E-4
9.224582635233886E-5
1.7090832051030205E-4
1.8953005763809046E-4
2.9018272438421927E-4
9.883332080175897E-5
1.6321622147276847E-4
6.314962560375619E-4
2.955404463983217E-4
2.1194740958407652E-4
3.061529385583905E-4
1.715321639453901E-4
2.2293085146161002E-4
2.2460120393621473E-4
2.0457344016399842E-4
1.7816808872966322E-4
2.4924432499509006E-4
1.846456248550491E-4
2.8274085352382607E-4
2.4024518663383652E-4
2.1899885049191467E-4
1.521671440738282E-4
2.2080387132359525E-4
1.819956757694627E-4
1.1435366969257901E-4
1.1435366969257901E-4
1.1512003099277181E-4
1.0850427910032151E-4
1.2055766305955104E-4
3.181380428536575E-4
6.844739568911719E-5
8.692079329703661E-5
8.692079329703661E-5
1.5482637661504126E-4
5.766631533320002E-5
8.410715803516719E-5
6.430444011090029E-5
6.434054366962548E-5
6.497944029663084E-5
6.58269332375534E-5
6.09412896737685E-5
6.09412896737685E-5
1.1343060725648479E-4
1.0973226469335331E-4
6.09412896737685E-5
1.02285409886064E-4
6.521143431593438E-5
6.261650108501339E-5
5.739621610788867E-5
5.7301147608729505E-5
7.603928763332901E-5
8.273017585485158E-5
3.4716552326739575E-4
5.7334870043075186E-5
5.7334870043075186E-5
7.750817822934784E-5
8.876091366437466E-5
6.626485718605364E-5
7.211965117332562E-5
1.1452870299687295E-4
6.452179884081278E-5
6.505351025920261E-5
5.728851359719372E-5
6.528357102585688E-5
1.361075314896929E-4
1.3662917050872802E-4
1.7727369828701204E-4
1.5894816952105018E-4
2.0346080265216447E-4
1.469782550475903E-4
1.4074844327755648E-4
1.4095080471272136E-4
1.4699293262495624E-4
1.8755282922596292E-4
1.919921389296093E-4
1.8801848875518297E-4
2.1569702879071647E-4
2.381000471556598E-4
2.4559832019428084E-4
7.8313969022872E-5
8.22784971234812E-5
1.780050006520529E-4
2.3571584326662873E-4
2.3503289941098434E-4
1.08644659823255E-4
3.931800655998666E-4
6.191971123839896E-5
3.419007281683252E-4
3.114124798254811E-4
1.3752372337517545E-4
1.5057293039104458E-4
3.1252107752240615E-4
1.44187290093787E-4
1.5761070742373098E-4
2.425145126033608E-4
1.4926183952620708E-4
1.3554341405548823E-4
2.2754139952553198E-4
1.5419012425189953E-4
1.54599225249353E-4
1.8341993493919812E-4
1.7149700190787729E-4
1.5847110071224882E-4
1.6117626927121805E-4
1.6210368872055853E-4
1.7491495406987248E-4
1.919064218853499E-4
2.829608223589145E-4
1.5745531117989506E-4
1.5745531117989506E-4
9.866300013087228E-5
8.569203560533531E-5
3.1471218074632175E-4
2.303763394844007E-4
2.5380497157288323E-4
2.5947617744986363E-4
2.3035844879562716E-4
2.2592337746931055E-4
1.7253809031567813E-4
1.9658651697211608E-4
1.5072055770157155E-4
2.3369868695072128E-4
8.315945209083236E-5
2.4435890798078075E-4
6.407484532818444E-5
1.1715952569238125E-4
1.8682251343183498E-4
2.934855084519141E-4
1.3346884022896104E-4
1.3286684465247495E-4
3.0278316423706984E-4
1.4068417405950148E-4
1.4043533554934618E-4
1.34144419618448E-4
1.4000296247750912E-4
1.3948394313855928E-4
2.3944326486595387E-4
1.3119797993410519E-4
1.4238086133546248E-4
2.1594276190730374E-4
1.4259148663367128E-4
1.4169169454372025E-4
1.6036360716555097E-4
1.4726212178096238E-4
1.468724630940206E-4
1.3827529888696204E-4
1.5103182467941778E-4
1.6185099900836847E-4
2.811419313263118E-4
1.5550476423181379E-4
1.6652127238562118E-4
1.5550476423181379E-4
1.5550476423181379E-4
1.5630017149153333E-4
1.6598282520439924E-4
2.0573899140178124E-4
5.697321483208285E-5
1.7889849592314107E-4
2.9736374722899014E-4
1.362787696365006E-4
1.3607633768237358E-4
1.3656240506753747E-4
3.1061947065566536E-4
1.4372093855679545E-4
1.4321442235835295E-4
2.1544017593004325E-4
1.645936755911707E-4
1.4287828389973283E-4
2.4156783883059316E-4
1.3520104076124615E-4
1.8523695884527922E-4
2.3994369922503668E-4
2.5795713250812433E-4
2.433851738053985E-4
2.2880668565703933E-4
1.5574405734460967E-4
1.559964165458843E-4
1.8109040080434405E-4
1.5870078610937351E-4
1.5870078610937351E-4
1.8319250849456012E-4
1.603312795043429E-4
1.603312795043429E-4
1.5078570405266468E-4
1.6369356293298573E-4
1.6949273396860552E-4
2.0211574640777364E-4
2.707990380194577E-4
1.4230701637260734E-4
2.811521482141873E-4
7.391061405429987E-5
6.894989680128301E-5
1.8720444378895573E-4
2.9927568161236176E-4
1.3514616173792424E-4
1.3501292017008675E-4
2.955905235004619E-4
1.4110416996152665E-4
1.6123435122417798E-4
2.1826257488702112E-4
1.777232992473887E-4
1.4111057049707602E-4
2.5842031925068994E-4
1.3323369222956175E-4
1.328537169927245E-4
2.2049735970680026E-4
1.4213640964692278E-4
1.4213640964692278E-4
1.7135778829147983E-4
1.450426458797732E-4
1.450426458797732E-4
1.429485705565155E-4
1.504003019046123E-4
1.5792208673927715E-4
3.5288026789489536E-4
2.22821392397321E-4
2.2380285155740602E-4
2.22821392397321E-4
2.3442301709368998E-4
7.999941984081403E-5
3.345432460005448E-4
3.268007328609443E-4
3.1295147517151905E-4
3.493501332598913E-4
1.8887979521626516E-4
1.8913873518735174E-4
2.1191859837380505E-4
1.8798619411337735E-4
1.8779509139521915E-4
3.937694288886405E-4
1.96580626648E-4
1.9754500523896435E-4
2.676997373594373E-4
1.9645443287083717E-4
1.9589393694189054E-4
1.9920787233254156E-4
1.8779509139521915E-4
1.8798619411337735E-4
1.8632056940572075E-4
1.806762377364252E-4
2.512419308361455E-4
1.7328692642278572E-4
1.7328692642278572E-4
1.7867929064217008E-4
1.6846150877611966E-4
1.6846150877611966E-4
1.9759484347110445E-4
1.762193940470576E-4
1.7663879087084997E-4
2.681129864505319E-4
1.3937294268345446E-4
1.3937294268345446E-4
1.4058634597105356E-4
5.383011400839115E-4
1.8988948723011443E-4
2.0651847430258813E-4
2.664767497366205E-4
1.5040416539729222E-4
7.93313727997739E-5
7.93313727997739E-5
9.747584969200148E-5
7.348198220751638E-5
7.348198220751638E-5
8.146179076002994E-5
7.348198220751638E-5
8.553536616674592E-5
1.504633528466948E-4
2.5012620999630483E-4
9.01424292462196E-5
9.01424292462196E-5
1.9013545823582366E-4
8.806848960828348E-5
8.806848960828348E-5
2.0463497543219366E-4
9.712107271715753E-5
9.712107271715753E-5
2.93284433285531E-4
8.806848960828348E-5
8.806848960828348E-5
2.0583242542885662E-4
9.64135197812173E-5
9.64135197812173E-5
1.1284126853632126E-4
8.806848960828348E-5
1.680053138071966E-4
1.445819068398626E-4
8.806848960828348E-5
8.806848960828348E-5
8.806848960828348E-5
8.806848960828348E-5
1.6630653245619094E-4
9.128090754920276E-5
9.128090754920276E-5
1.5283616197032612E-4
7.588794737679932E-5
7.588794737679932E-5
7.003855678454183E-5
7.003855678454183E-5
8.680838542051274E-5
7.003855678454183E-5
7.003855678454183E-5
3.1830393118381894E-4
1.8652705267439E-4
1.8652705267439E-4
7.092194618539946E-5
2.3342504919228476E-4
2.4678275774591747E-4
1.4533625957325257E-4
1.2971379267305688E-4
9.904920205273124E-5
2.0700458576877393E-4
9.385477927266911E-5
2.479596987779027E-4
8.937875018743622E-5
8.796558738917855E-5
8.589164775124248E-5
8.589164775124248E-5
1.7376316206582483E-4
9.494423086011647E-5
9.494423086011647E-5
1.9877212448442177E-4
8.589164775124248E-5
8.589164775124248E-5
1.6581835041387533E-4
9.423667792417624E-5
9.423667792417624E-5
1.0858622849638276E-4
8.589164775124248E-5
8.589164775124248E-5
8.589164775124248E-5
8.589164775124248E-5
8.589164775124248E-5
1.0563042889615107E-4
8.589164775124248E-5
8.589164775124248E-5
1.644136026515187E-4
8.589164775124248E-5
8.910406569216173E-5
1.625701345582136E-4
9.266145298735599E-5
8.589164775124248E-5
1.4856098531163998E-4
7.801786123822618E-5
7.801786123822618E-5
1.3196144239988972E-4
1.0206495652292923E-4
7.216847064596874E-5
7.216847064596874E-5
1.1780931454410049E-4
7.216847064596874E-5
7.216847064596874E-5
2.233799242463935E-4
1.1876177660744392E-4
2.87098260682005E-4
6.064912532001162E-5
6.063811636949664E-5
1.2047791273370923E-4
1.0062949728189343E-4
7.549837744982564E-5
5.66197845982569E-5
6.497631948568207E-5
9.455581666597572E-5
8.161558214337333E-5
9.528274224497964E-5
9.528274224497964E-5
1.7122019060603755E-4
1.0113213283723715E-4
1.0113213283723715E-4
1.1257555518081297E-4
9.528274224497964E-5
1.1184279099810388E-4
9.528274224497964E-5
1.0433532535385369E-4
1.2729078154682184E-4
2.9474265718470316E-4
5.7684097394132125E-5
4.4016101075849094E-4
1.843024233955668E-4
1.9930829858847898E-4
2.85270888390534E-4
3.124297245851208E-4
1.5628568965815636E-4
1.5628568965815636E-4
1.656106326873293E-4
1.1660880251840713E-4
1.1660880251840713E-4
1.069818404945821E-4
9.151866412796482E-5
9.209981078111578E-5
9.116938969734825E-5
9.498734428198273E-5
9.670544113300696E-5
9.670544113300696E-5
9.670544113300696E-5
9.670544113300696E-5
6.637104795876484E-5
8.615254071805143E-5
1.32154831026775E-4
1.0128792327751323E-4
5.71411527262436E-5
5.7073164536418704E-5
9.620443820307637E-5
8.233096419620257E-5
5.697631925936222E-5
5.725950895602541E-5
5.7151476709089665E-5
5.762030194507248E-5
5.7318425320646055E-5
6.410127279824659E-5
1.1833226167441547E-4
6.776224014588252E-5
6.791222930202672E-5
6.406392538748737E-5
6.486937142129513E-5
6.450160190875308E-5
6.44082101729976E-5
6.404544619439919E-5
5.691068470252182E-5
5.69678787118628E-5
8.132867489014886E-5
1.04537987187931E-4
8.846114559631164E-5
5.714024566556757E-5
6.482987303424215E-5
6.343600914428408E-5
6.50493490177431E-5
9.70318648946462E-5
6.431063635613415E-5
6.431606266849789E-5
6.442665175806829E-5
6.406377447228841E-5
2.1954082281783804E-4
1.795852877994743E-4
8.848476036873484E-5
2.5119385180413193E-4
2.2698187370250454E-4
1.5632831964094429E-4
1.6439118985023867E-4
1.6676090977646102E-4
7.387329081997765E-5
3.330965382483171E-4
2.4005242239114738E-4
1.8494733955697773E-4
2.5922669297108735E-4
1.2905016240442855E-4
2.1070499837479625E-4
2.2897839855442778E-4
1.581862464330343E-4
1.6891054823054365E-4
2.364158624259481E-4
1.8138115507276826E-4
1.1608125620407216E-4
2.7774985989076036E-4
1.5461822708519386E-4
2.292779468312487E-4
1.956117129947694E-4
2.541920370096485E-4
1.8351019175781E-4
1.9441455953319377E-4
1.9166692698206254E-4
1.1660192532547038E-4
3.7179724790515896E-4
2.4065034128542838E-4
1.849359776251818E-4
2.1555296839773053E-4
2.8188916069017456E-4
1.597974305599047E-4
2.3335853471666043E-4
1.9971408234419248E-4
2.2524778650310703E-4
2.5827644689149076E-4
1.8733880514411195E-4
1.9549554036836446E-4
1.9800955081172636E-4
1.2065410574391834E-4
1.9909255085939792E-4
9.56794919044631E-5
2.4361324145910407E-4
2.1820062085084243E-4
2.005101118482583E-4
2.8497017166517763E-4
2.0157348410509423E-4
2.607797460586812E-4
1.895985333456064E-4
1.9767977315900815E-4
1.1256575193418807E-4
2.787382915687872E-4
2.9444025030428E-4
1.3410882383386614E-4
1.345641532020724E-4
1.3341352204696138E-4
1.421990572997423E-4
2.2880063800072997E-4
2.1128287321505484E-4
1.3211565991948012E-4
1.3326805710448596E-4
1.722682244814069E-4
1.3234975305614322E-4
1.3276141868113432E-4
2.1250354538519345E-4
1.3746477539828417E-4
1.3746477539828417E-4
2.1213345423384396E-4
1.986611808611413E-4
8.972236024738987E-5
8.972236024738987E-5
8.328641862325335E-5
9.16888930365982E-5
1.8591118965690057E-4
2.364252729548307E-4
1.8408422209847803E-4
7.780740334476221E-5
2.1732271182247048E-4
1.0210268312020681E-4
9.229503237082825E-5
4.873509560139648E-4
6.720424880720913E-5
6.466901030864359E-5
3.6616815118676444E-4
1.6245978495842343E-4
1.085403707331816E-4
7.659979442303247E-5
1.4724469541929115E-4
7.659979442303247E-5
8.448784457940451E-5
7.659979442303247E-5
9.159331203603124E-5
9.268803194603037E-5
1.1335991135102119E-4
1.2640113333148469E-4
7.032495698130164E-5
7.032495698130164E-5
2.9366572074553907E-4
2.9366572074553907E-4
2.9388282084754253E-4
2.950763926441289E-4
3.097055122040799E-4
3.0948967975048385E-4
3.166383408198536E-4
3.1028634332643825E-4
2.9673225581828785E-4
3.104605198305622E-4
2.9539113751003807E-4
2.948048846721849E-4
3.0176519138253624E-4
2.9366572074553907E-4
2.97691406275416E-4
2.972328058726416E-4
3.013280622611889E-4
2.9388282084754253E-4
2.9446529209951617E-4
3.0480860197176535E-4
2.938828208475426E-4
3.066966842223868E-4
3.0480860197176535E-4
2.959702475575675E-4
2.9575160659421824E-4
1.48861520378638E-4
1.196077557755858E-4
9.744395061543653E-5
3.2624089762561565E-4
3.139178531575916E-4
3.118319673089124E-4
3.118319673089124E-4
3.2279328587961223E-4
3.1415014340509945E-4
3.1415014340509945E-4
3.243114613285163E-4
3.5004134261322354E-4
3.195150506277445E-4
3.2439719637192407E-4
3.263372507654299E-4
3.2572693252025885E-4
3.3453661550050264E-4
3.209886536226944E-4
3.1916413749111684E-4
3.1968172849809544E-4
3.1702849955818184E-4
3.1701940554866505E-4
3.365334053391946E-4
3.282348265141986E-4
3.2948315120219084E-4
3.178835292716413E-4
3.220358757920423E-4
3.436625110711232E-4
3.2976316103760513E-4
6.720809703987479E-4
1.7891809561927207E-4
2.3515831465021242E-4
5.4367659756048245E-5
6.744654852894322E-5
6.744654852894322E-5
1.8045390258518095E-4
2.0585907421337752E-4
1.7889605412717727E-4
1.7889605412717727E-4
1.1564332799840715E-4
1.0211455011109561E-4
9.37998273417889E-5
6.621326913538051E-5
1.2059018390964887E-4
6.912879825480039E-5
2.0000701890059654E-4
7.024838715490596E-5
1.9341751043416275E-4
8.016770159159712E-5
8.016770159159712E-5
8.2745621856781E-5
3.542902191458671E-4
6.560117693951248E-5
6.135008927282477E-5
9.19473199370212E-5
7.248062763521005E-5
6.945430795597913E-5
6.945430795597913E-5
6.945430795597913E-5
6.945430795597913E-5
6.945430795597913E-5
6.945430795597913E-5
1.8992738006977093E-4
6.921482285461877E-5
8.967336570684474E-5
2.1357478292011663E-4
8.659963450055441E-5
9.267078624370349E-5
7.475069827115077E-5
7.281489295430591E-5
2.814881263368665E-4
5.73446733626623E-5
7.852077903046168E-5
8.767191112279584E-5
7.467333561898406E-5
6.853600157677412E-5
6.853600157677412E-5
7.630410518448088E-5
7.007846018391161E-5
9.758495102663332E-5
7.266031372917943E-5
6.908326885712458E-5
9.195201295322321E-5
1.2469107641615472E-4
6.717529161033203E-5
6.717529161033203E-5
6.717529161033203E-5
6.717529161033203E-5
6.629564250850343E-5
8.545542475741281E-5
6.611161830030129E-5
6.531916141777838E-5
3.1066088230091097E-4
1.595333494889998E-4
1.595333494889998E-4
1.589597453164184E-4
6.242281210500395E-5
1.5821401365170582E-4
1.5877011730111083E-4
1.9826156216035077E-4
1.5813746013265207E-4
1.5788415411798544E-4
1.982516511870659E-4
2.111171561500348E-4
1.693121584945661E-4
6.642252927986447E-5
2.0940898243839692E-4
1.1393382633440937E-4
2.3181953688806718E-4
1.5877011730111083E-4
1.6441110780302375E-4
1.8684742540132373E-4
1.614178313662105E-4
7.644829433580747E-5
7.644829433580747E-5
6.645323028583215E-5
8.976565811514847E-5
1.0240629005738125E-4
9.98893975936846E-5
7.3319542175843E-5
6.536452476702708E-5
5.566997360091568E-5
5.930513866824673E-5
5.566997360091568E-5
7.685933821710846E-5
1.1715146709370115E-4
7.630586026420537E-5
8.45013800179682E-5
1.9343652973460547E-4
1.246688990369224E-4
7.942320289603023E-5
1.0587463445221072E-4
1.0273874662702756E-4
8.422463547491332E-5
1.6315255175064185E-4
8.4655461415206E-5
8.422463547491332E-5
1.344309380785197E-4
8.87443783758165E-5
1.379159074007215E-4
1.7517809940377138E-4
1.9385946171000522E-4
1.1961286561201045E-4
1.4735778409148145E-4
1.181894253272683E-4
9.422789374615681E-5
3.012649468975602E-4
2.3842534697848374E-4
8.537468928619754E-5
1.579150027823486E-4
2.7486571739943923E-4
1.0321521940615082E-4
5.6477499836641466E-5
1.337379079736818E-4
8.113771771654785E-5
5.6477499836641466E-5
7.023764215325091E-5
2.3690492971635346E-4
6.053063455197883E-5
1.0823617356965294E-4
1.0823617356965294E-4
1.0823617356965294E-4
1.0823617356965294E-4
1.0823617356965294E-4
1.0823617356965294E-4
8.780795797149024E-5
1.0823617356965294E-4
8.780795797149024E-5
8.093464807685731E-5
1.0400991852100967E-4
8.093464807685731E-5
1.3661784322871457E-4
2.0301552826141526E-4
1.1856381432285146E-4
1.3259984344558698E-4
9.58310329285052E-5
1.0643365374010445E-4
7.268385249176027E-5
8.043196132905693E-5
8.57387714178874E-5
9.994949096078212E-5
7.477895012626305E-5
7.477895012626305E-5
7.477895012626305E-5
7.477895012626305E-5
2.1708474334479995E-4
2.180103120969299E-4
2.165106360458782E-4
2.1483221930435355E-4
2.1676476237315399E-4
2.2001394262772248E-4
2.3349218559934784E-4
2.1935301939061188E-4
1.8539312314242194E-4
1.8349042646131176E-4
1.8329621735946623E-4
1.8316002800297285E-4
1.8517526193432264E-4
1.6560327728992302E-4
1.672050507987766E-4
2.087579205128148E-4
2.2817514849546468E-4
2.262421431481609E-4
2.2740333164828478E-4
2.2590647483357383E-4
2.250040413901572E-4
2.8846620217590587E-4
2.418127462600099E-4
2.314397195705627E-4
1.7114761660004359E-4
1.662908636734036E-4
1.7142039372294206E-4
1.7128565739629316E-4
1.681013386959019E-4
1.515978624527511E-4
1.3944421656035473E-4
1.4100691703615716E-4
4.216626398387268E-4
4.6367784579962783E-4
4.5248764372218684E-4
3.2648101198816984E-4
3.1741755140820795E-4
3.201666992704141E-4
3.1267338418745205E-4
3.102627322671149E-4
6.24343793750976E-5
6.864423412703978E-5
0.0010536566970884547
7.400591104590694E-5
2.2737361878578415E-4
2.3443285325516495E-4
2.2763765449266548E-4
2.2778817461206315E-4
2.672222802360889E-4
2.6404859837546237E-4
2.512448628225701E-4
2.54718430489583E-4
2.504548721066169E-4
2.3791836431667876E-4
2.563212018472634E-4
2.880089140507426E-4
2.663973986586913E-4
2.5353504156418714E-4
5.772181647495498E-5
1.1857195388622263E-4
5.7833159070775784E-5
5.7945231395442346E-5
5.7910093565531326E-5
5.7808933802196984E-5
5.785660700776164E-5
5.813096295824096E-5
5.84388926885183E-5
9.245747166486289E-5
5.7733809826640443E-5
1.1102309678135483E-4
5.849141563010343E-5
5.828914080484025E-5
5.85796246904252E-5
5.758763596920095E-5
5.763777975140352E-5
5.7620604220773906E-5
5.799822281261322E-5
2.7108967228479036E-4
1.1839577384826E-4
5.7833159070775784E-5
5.7945231395442346E-5
5.7910093565531326E-5
5.7808933802196984E-5
5.785660700776164E-5
5.813096295824096E-5
5.84388926885183E-5
9.390131715757743E-5
5.7733809826640443E-5
1.1249240762529556E-4
5.849141563010343E-5
5.828914080484025E-5
5.85796246904252E-5
5.758763596920095E-5
5.763777975140352E-5
5.7620604220773906E-5
5.799822281261322E-5
2.7798232580394407E-4
2.5913432696512387E-4
2.5453240638470114E-4
2.4404879822554292E-4
2.7467426055642445E-4
2.73925670485864E-4
2.699210217753028E-4
2.4505592797103274E-4
1.9210366121104496E-4
1.8782604532458047E-4
1.798163104122209E-4
2.0724092640163428E-4
2.2858903189973659E-4
2.0223675612392585E-4
1.609555605897236E-4
6.5055059996817E-5
1.0454406528663307E-4
6.464445449617802E-5
6.42830889319587E-5
6.414764800530368E-5
6.468345246939529E-5
6.464445449617802E-5
1.2605546274095132E-4
1.0344973814150452E-4
1.0150576549163369E-4
1.2198283407151659E-4
6.575115289311709E-5
6.574848297776577E-5
6.464445449617802E-5
6.42830889319587E-5
6.414764800530368E-5
6.468345246939529E-5
6.828280515587585E-4
2.599845815523919E-4
2.5956361198542055E-4
2.601769477579719E-4
2.603535652059575E-4
2.5956361198542055E-4
2.597805039846853E-4
2.5956361198542055E-4
2.5956361198542055E-4
2.777758124212748E-4
2.597805039846853E-4
2.597805039846853E-4
2.7819969300884744E-4
2.5956361198542055E-4
2.5956361198542055E-4
2.597805039846853E-4
2.597805039846853E-4
2.597805039846853E-4
2.5956361198542055E-4
2.5956361198542055E-4
2.601361952296462E-4
4.5850295686646216E-4
1.0655743077968787E-4
1.1707881222024358E-4
1.9565901207280276E-4
2.12893509744933E-4
6.592169494921488E-5
1.2341586654269476E-4
7.108359439518328E-5
9.254958385288658E-5
8.883774857524079E-5
9.978109680739328E-5
8.468346227016213E-5
1.0195888727933012E-4
2.1511895742162514E-4
1.7886426922951722E-4
6.592169494921488E-5
8.518051866102845E-5
5.962029007416794E-5
1.6149843306571132E-4
1.1430094482295811E-4
1.138251854378332E-4
1.2503927262155987E-4
6.475018322635939E-5
1.1030190041363478E-4
7.65474972261983E-5
2.154207333503046E-4
1.950682571022589E-4
2.0119432845071045E-4
1.561705489256601E-4
9.870622364773382E-5
1.1742524426761213E-4
8.377209807772848E-5
1.6469484400142857E-4
8.505323887927012E-5
2.0604970091038326E-4
5.948801383915419E-5
5.948801383915419E-5
2.2434549421103164E-4
1.2324408751593423E-4
8.892582740084525E-5
1.9926775792498505E-4
1.7252667261371168E-4
1.2942527155563062E-4
7.913743915480231E-5
1.453978196449024E-4
2.2388183043204154E-4
1.2629223194143187E-4
2.4164584149787816E-4
6.582483491438535E-5
1.0504986405992532E-4
5.878340226465062E-5
6.582483491438535E-5
8.71965759458633E-5
2.1714175181057748E-4
1.9138132825014185E-4
1.0262318163660877E-4
1.3506026337687136E-4
2.288328461824308E-4
1.359199328276218E-4
2.4682777781987955E-4
1.0970724806574928E-4
1.07999274389906E-4
1.1751393464208013E-4
1.2349413126531275E-4
1.07999274389906E-4
1.0867604102069117E-4
2.217693289683125E-4
1.2072951575260634E-4
1.1627317875761276E-4
1.3216543155665007E-4
2.2898004207273982E-4
1.1779933822544035E-4
9.817520160925915E-5
2.1309320796634038E-4
9.152450663564513E-5
1.0009378604471157E-4
1.1367170779295027E-4
9.357881473173778E-5
1.4323077482521936E-4
2.2572152466980778E-4
7.524266015730359E-5
1.2878543843137665E-4
2.3927614289631258E-4
1.268806108177611E-4
1.8950740868978335E-4
2.3005146346963018E-4
1.1876373583615735E-4
1.4124284282906012E-4
1.2996082049482433E-4
2.608621196278893E-4
1.1508932302108813E-4
1.5501830801594436E-4
2.3310103648325315E-4
9.029034958651644E-5
2.4377790233723323E-4
6.9471447038202E-5
1.938539563279227E-4
2.1926050944684933E-4
5.7637296567044994E-5
1.1839838499081284E-4
8.914995957428378E-5
7.511309512809939E-5
6.330741904395178E-5
8.3298665466709E-5
1.106928326978082E-4
1.7851130638580232E-4
2.4037179813571978E-4
7.439779245078472E-5
1.2042625164477113E-4
6.854470886240363E-5
1.830102811096261E-4
1.8797893021693974E-4
5.7637296567044994E-5
2.156930101061791E-4
5.7637296567044994E-5
1.147002560498196E-4
2.104177076217685E-4
5.9499255683350564E-5
2.2794001808751178E-4
1.1790243202005555E-4
1.1540525092373455E-4
1.1293849211837152E-4
9.212416400133755E-5
9.064484413543082E-5
2.032832036483847E-4
9.516525748527881E-5
1.0530839416559932E-4
1.4118005485488786E-4
1.1780371867012917E-4
2.0516709910156793E-4
5.915975426957177E-5
2.1397286688927726E-4
2.3155298207352165E-4
1.3163324595241596E-4
5.7586257956725717E-5
9.385365790157523E-5
9.55910564601751E-5
9.748155696532974E-5
5.7832428125828285E-5
6.760035389524226E-5
1.478875630395545E-4
2.2715890226032015E-4
1.0934363655212773E-4
2.0229197625813754E-4
9.333603041069354E-5
8.970336682322545E-5
8.952914315832545E-5
2.0963520501671845E-4
1.5652324358270773E-4
6.504324711680538E-5
1.973312601258566E-4
5.969587567992397E-5
6.880339228263294E-5
1.8983763462400406E-4
2.1467285009884045E-4
2.1071630357731303E-4
1.0901015961479992E-4
9.356457717691972E-5
6.0017665616648094E-5
2.1514107441086285E-4
2.284564792251205E-4
2.3305200300206884E-4
8.482524678437099E-5
5.844416930380204E-5
6.727927534084651E-5
7.274403228920486E-5
2.0838199585537673E-4
2.005380154818784E-4
1.2714464985454622E-4
5.798901402202524E-5
1.510474085977278E-4
1.6876588897738539E-4
1.3130606287324844E-4
2.6522089214025554E-4
1.545049576410514E-4
1.9090049343322788E-4
7.744908390388012E-5
2.4014251346172213E-4
1.2639433925828086E-4
1.3534974561641564E-4
1.6392942503221208E-4
1.4082702748563527E-4
1.2639433925828086E-4
8.754563057977521E-5
2.470375225113927E-4
1.2674013556562692E-4
6.551063350091204E-5
2.4335368013605604E-4
1.059207696025619E-4
1.1337578026900276E-4
1.3103733398576632E-4
1.726560796021979E-4
1.1824834305844264E-4
2.1828217854877633E-4
1.0913805777646208E-4
2.2503503242668179E-4
1.8326311877570886E-4
1.0540291001869884E-4
1.6802451114728017E-4
1.0947025514958071E-4
5.904672768637307E-5
1.7050815422121985E-4
9.251850958288893E-5
2.0551779607741165E-4
2.1279980098258007E-4
2.303818047183881E-4
1.5989511624579656E-4
1.8553494899521819E-4
6.045606112670587E-5
2.297912322119062E-4
1.8102437990412114E-4
1.1782111904599886E-4
1.2317470152101674E-4
1.0979583424389306E-4
2.2270062980241933E-4
6.404717964260062E-5
1.1166880602689416E-4
2.47773571676228E-4
1.7709821705785982E-4
1.8769413674207512E-4
1.9287276440903072E-4
5.793808368876836E-5
1.1687674000168178E-4
1.23207598007284E-4
2.584289895274194E-4
6.349260844047505E-5
2.5536963617173245E-4
6.91769817763395E-5
1.9521707232508968E-4
1.2391245237450938E-4
1.4448004366804612E-4
2.303172131322973E-4
1.2070003443359013E-4
1.2292405385456467E-4
1.1620747497582022E-4
1.1875761641069157E-4
6.0333729094382646E-5
2.0428758400128287E-4
9.627581071113066E-5
8.757322087689281E-5
5.9817532728849004E-5
5.9817532728849004E-5
5.9817532728849004E-5
9.600773024141765E-5
5.9817532728849004E-5
5.9817532728849004E-5
5.9817532728849004E-5
1.1591409451945997E-4
8.957447598246763E-5
7.938474592623793E-5
8.407170402234466E-5
7.524615687710436E-5
6.69001284230487E-5
1.067874297259903E-4
1.108430819238947E-4
5.9161922011765064E-5
7.176304678180054E-5
6.0358477852258644E-5
7.974288687113642E-5
5.9161922011765064E-5
5.6535207316663714E-5
6.336335723846479E-5
8.263042789794852E-5
8.712748630808309E-5
8.51042104969657E-5
